0 0.234390 0.064942 0.068395 0.091194
0 0.312555 0.062197 0.068395 0.091194
0 0.390720 0.059452 0.068395 0.091194
0 0.468884 0.056707 0.068395 0.091194
0 0.547049 0.053963 0.068395 0.091194
0 0.625214 0.051218 0.068395 0.091194
0 0.703379 0.048473 0.068395 0.091194
0 0.781543 0.045728 0.068395 0.091194
0 0.859708 0.044290 0.068395 0.088581
0 0.937873 0.042918 0.068395 0.085836
0 0.237456 0.167167 0.068395 0.091194
0 0.315621 0.164422 0.068395 0.091194
0 0.393786 0.161678 0.068395 0.091194
0 0.471951 0.158933 0.068395 0.091194
0 0.550115 0.156188 0.068395 0.091194
0 0.628280 0.153443 0.068395 0.091194
0 0.706445 0.150699 0.068395 0.091194
0 0.784609 0.147954 0.068395 0.091194
0 0.862774 0.145209 0.068395 0.091194
0 0.940939 0.142464 0.068395 0.091194
0 0.240522 0.269392 0.068395 0.091194
0 0.318687 0.266648 0.068395 0.091194
0 0.396852 0.263903 0.068395 0.091194
0 0.475017 0.261158 0.068395 0.091194
0 0.553181 0.258413 0.068395 0.091194
0 0.631346 0.255669 0.068395 0.091194
0 0.709511 0.252924 0.068395 0.091194
0 0.787676 0.250179 0.068395 0.091194
0 0.865840 0.247434 0.068395 0.091194
0 0.944005 0.244690 0.068395 0.091194
0 0.243589 0.371618 0.068395 0.091194
0 0.321753 0.368873 0.068395 0.091194
0 0.399918 0.366128 0.068395 0.091194
0 0.478083 0.363384 0.068395 0.091194
0 0.556248 0.360639 0.068395 0.091194
0 0.634412 0.357894 0.068395 0.091194
0 0.712577 0.355149 0.068395 0.091194
0 0.790742 0.352404 0.068395 0.091194
0 0.868906 0.349660 0.068395 0.091194
0 0.947071 0.346915 0.068395 0.091194
0 0.246655 0.473843 0.068395 0.091194
0 0.324820 0.471098 0.068395 0.091194
0 0.402984 0.468354 0.068395 0.091194
0 0.481149 0.465609 0.068395 0.091194
0 0.559314 0.462864 0.068395 0.091194
0 0.637478 0.460119 0.068395 0.091194
0 0.715643 0.457375 0.068395 0.091194
0 0.793808 0.454630 0.068395 0.091194
0 0.871973 0.451885 0.068395 0.091194
0 0.950137 0.449140 0.068395 0.091194
0 0.249721 0.576069 0.068395 0.091194
0 0.327886 0.573324 0.068395 0.091194
0 0.406050 0.570579 0.068395 0.091194
0 0.484215 0.567834 0.068395 0.091194
0 0.562380 0.565090 0.068395 0.091194
0 0.640545 0.562345 0.068395 0.091194
0 0.718709 0.559600 0.068395 0.091194
0 0.796874 0.556855 0.068395 0.091194
0 0.875039 0.554110 0.068395 0.091194
0 0.953204 0.551366 0.068395 0.091194
0 0.252787 0.678294 0.068395 0.091194
0 0.330952 0.675549 0.068395 0.091194
0 0.409117 0.672804 0.068395 0.091194
0 0.487281 0.670060 0.068395 0.091194
0 0.565446 0.667315 0.068395 0.091194
0 0.643611 0.664570 0.068395 0.091194
0 0.721775 0.661825 0.068395 0.091194
0 0.799940 0.659081 0.068395 0.091194
0 0.878105 0.656336 0.068395 0.091194
0 0.956270 0.653591 0.068395 0.091194
0 0.255853 0.780519 0.068395 0.091194
0 0.334018 0.777775 0.068395 0.091194
0 0.412183 0.775030 0.068395 0.091194
0 0.490347 0.772285 0.068395 0.091194
0 0.568512 0.769540 0.068395 0.091194
0 0.646677 0.766795 0.068395 0.091194
0 0.724842 0.764051 0.068395 0.091194
0 0.803006 0.761306 0.068395 0.091194
0 0.881171 0.758561 0.068395 0.091194
0 0.959336 0.755816 0.068395 0.091194
