0 0.084932 0.248212 0.070089 0.093452
0 0.158660 0.246022 0.070089 0.093452
0 0.232388 0.243833 0.070089 0.093452
0 0.306116 0.241643 0.070089 0.093452
0 0.379844 0.239453 0.070089 0.093452
0 0.453572 0.237263 0.070089 0.093452
0 0.527300 0.235073 0.070089 0.093452
0 0.601028 0.232884 0.070089 0.093452
0 0.674756 0.230694 0.070089 0.093452
0 0.748484 0.228504 0.070089 0.093452
0 0.086500 0.346726 0.070089 0.093452
0 0.160228 0.344537 0.070089 0.093452
0 0.233956 0.342347 0.070089 0.093452
0 0.307684 0.340157 0.070089 0.093452
0 0.381412 0.337967 0.070089 0.093452
0 0.455140 0.335777 0.070089 0.093452
0 0.528868 0.333588 0.070089 0.093452
0 0.602596 0.331398 0.070089 0.093452
0 0.676324 0.329208 0.070089 0.093452
0 0.750052 0.327018 0.070089 0.093452
0 0.088068 0.445241 0.070089 0.093452
0 0.161796 0.443051 0.070089 0.093452
0 0.235524 0.440861 0.070089 0.093452
0 0.309252 0.438671 0.070089 0.093452
0 0.382980 0.436482 0.070089 0.093452
0 0.456708 0.434292 0.070089 0.093452
0 0.530436 0.432102 0.070089 0.093452
0 0.604164 0.429912 0.070089 0.093452
0 0.677892 0.427722 0.070089 0.093452
0 0.751620 0.425533 0.070089 0.093452
0 0.089635 0.543755 0.070089 0.093452
0 0.163364 0.541565 0.070089 0.093452
0 0.237092 0.539375 0.070089 0.093452
0 0.310820 0.537186 0.070089 0.093452
0 0.384548 0.534996 0.070089 0.093452
0 0.458276 0.532806 0.070089 0.093452
0 0.532004 0.530616 0.070089 0.093452
0 0.605732 0.528426 0.070089 0.093452
0 0.679460 0.526237 0.070089 0.093452
0 0.753188 0.524047 0.070089 0.093452
0 0.091203 0.642269 0.070089 0.093452
0 0.164931 0.640079 0.070089 0.093452
0 0.238659 0.637890 0.070089 0.093452
0 0.312387 0.635700 0.070089 0.093452
0 0.386115 0.633510 0.070089 0.093452
0 0.459843 0.631320 0.070089 0.093452
0 0.533571 0.629130 0.070089 0.093452
0 0.607299 0.626941 0.070089 0.093452
0 0.681028 0.624751 0.070089 0.093452
0 0.754756 0.622561 0.070089 0.093452
0 0.092771 0.740783 0.070089 0.093452
0 0.166499 0.738594 0.070089 0.093452
0 0.240227 0.736404 0.070089 0.093452
0 0.313955 0.734214 0.070089 0.093452
0 0.387683 0.732024 0.070089 0.093452
0 0.461411 0.729834 0.070089 0.093452
0 0.535139 0.727645 0.070089 0.093452
0 0.608867 0.725455 0.070089 0.093452
0 0.682595 0.723265 0.070089 0.093452
0 0.756323 0.721075 0.070089 0.093452
0 0.094339 0.839298 0.070089 0.093452
0 0.168067 0.837108 0.070089 0.093452
0 0.241795 0.834918 0.070089 0.093452
0 0.315523 0.832728 0.070089 0.093452
0 0.389251 0.830539 0.070089 0.093452
0 0.462979 0.828349 0.070089 0.093452
0 0.536707 0.826159 0.070089 0.093452
0 0.610435 0.823969 0.070089 0.093452
0 0.684163 0.821779 0.070089 0.093452
0 0.757891 0.819590 0.070089 0.093452
0 0.095907 0.937812 0.070089 0.093452
0 0.169635 0.935622 0.070089 0.093452
0 0.243363 0.933432 0.070089 0.093452
0 0.317091 0.931243 0.070089 0.093452
0 0.390819 0.929053 0.070089 0.093452
0 0.464547 0.926863 0.070089 0.093452
0 0.538275 0.924673 0.070089 0.093452
0 0.612003 0.922483 0.070089 0.093452
0 0.685731 0.920294 0.070089 0.093452
0 0.759459 0.918104 0.070089 0.093452
