0 0.165204 0.349987 0.054579 0.072771
0 0.224797 0.346304 0.054579 0.072771
0 0.284390 0.342621 0.054579 0.072771
0 0.343983 0.338937 0.054579 0.072771
0 0.403576 0.335254 0.054579 0.072771
0 0.463169 0.331571 0.054579 0.072771
0 0.522762 0.327888 0.054579 0.072771
0 0.167678 0.429290 0.054579 0.072771
0 0.227271 0.425607 0.054579 0.072771
0 0.286864 0.421923 0.054579 0.072771
0 0.346458 0.418240 0.054579 0.072771
0 0.406051 0.414557 0.054579 0.072771
0 0.465644 0.410874 0.054579 0.072771
0 0.525237 0.407190 0.054579 0.072771
0 0.170153 0.508592 0.054579 0.072771
0 0.229746 0.504909 0.054579 0.072771
0 0.289339 0.501226 0.054579 0.072771
0 0.348932 0.497543 0.054579 0.072771
0 0.408525 0.493860 0.054579 0.072771
0 0.468118 0.490176 0.054579 0.072771
0 0.527711 0.486493 0.054579 0.072771
0 0.172627 0.587895 0.054579 0.072771
0 0.232221 0.584212 0.054579 0.072771
0 0.291814 0.580529 0.054579 0.072771
0 0.351407 0.576846 0.054579 0.072771
0 0.411000 0.573162 0.054579 0.072771
0 0.470593 0.569479 0.054579 0.072771
0 0.530186 0.565796 0.054579 0.072771
0 0.175102 0.667198 0.054579 0.072771
0 0.234695 0.663515 0.054579 0.072771
0 0.294288 0.659831 0.054579 0.072771
0 0.353881 0.656148 0.054579 0.072771
0 0.413474 0.652465 0.054579 0.072771
0 0.473067 0.648782 0.054579 0.072771
0 0.532660 0.645099 0.054579 0.072771
0 0.177577 0.746501 0.054579 0.072771
0 0.237170 0.742817 0.054579 0.072771
0 0.296763 0.739134 0.054579 0.072771
0 0.356356 0.735451 0.054579 0.072771
0 0.415949 0.731768 0.054579 0.072771
0 0.475542 0.728085 0.054579 0.072771
0 0.535135 0.724401 0.054579 0.072771
0 0.180051 0.825803 0.054579 0.072771
0 0.239644 0.822120 0.054579 0.072771
0 0.299237 0.818437 0.054579 0.072771
0 0.358830 0.814754 0.054579 0.072771
0 0.418423 0.811070 0.054579 0.072771
0 0.478017 0.807387 0.054579 0.072771
0 0.537610 0.803704 0.054579 0.072771
0 0.182526 0.905106 0.054579 0.072771
0 0.242119 0.901423 0.054579 0.072771
0 0.301712 0.897740 0.054579 0.072771
0 0.361305 0.894056 0.054579 0.072771
0 0.420898 0.890373 0.054579 0.072771
0 0.480491 0.886690 0.054579 0.072771
0 0.540084 0.883007 0.054579 0.072771
