0 0.108550 0.170568 0.070020 0.093360
0 0.183229 0.167019 0.070020 0.093360
0 0.257909 0.163470 0.070020 0.093360
0 0.332589 0.159920 0.070020 0.093360
0 0.407269 0.156371 0.070020 0.093360
0 0.481949 0.152822 0.070020 0.093360
0 0.556629 0.149272 0.070020 0.093360
0 0.631309 0.145723 0.070020 0.093360
0 0.705989 0.142174 0.070020 0.093360
0 0.780669 0.138624 0.070020 0.093360
0 0.111554 0.269893 0.070020 0.093360
0 0.186234 0.266344 0.070020 0.093360
0 0.260913 0.262794 0.070020 0.093360
0 0.335593 0.259245 0.070020 0.093360
0 0.410273 0.255696 0.070020 0.093360
0 0.484953 0.252146 0.070020 0.093360
0 0.559633 0.248597 0.070020 0.093360
0 0.634313 0.245048 0.070020 0.093360
0 0.708993 0.241498 0.070020 0.093360
0 0.783673 0.237949 0.070020 0.093360
0 0.114558 0.369218 0.070020 0.093360
0 0.189238 0.365668 0.070020 0.093360
0 0.263917 0.362119 0.070020 0.093360
0 0.338597 0.358570 0.070020 0.093360
0 0.413277 0.355020 0.070020 0.093360
0 0.487957 0.351471 0.070020 0.093360
0 0.562637 0.347922 0.070020 0.093360
0 0.637317 0.344372 0.070020 0.093360
0 0.711997 0.340823 0.070020 0.093360
0 0.786677 0.337274 0.070020 0.093360
0 0.117562 0.468543 0.070020 0.093360
0 0.192242 0.464993 0.070020 0.093360
0 0.266921 0.461444 0.070020 0.093360
0 0.341601 0.457894 0.070020 0.093360
0 0.416281 0.454345 0.070020 0.093360
0 0.490961 0.450796 0.070020 0.093360
0 0.565641 0.447246 0.070020 0.093360
0 0.640321 0.443697 0.070020 0.093360
0 0.715001 0.440148 0.070020 0.093360
0 0.789681 0.436598 0.070020 0.093360
0 0.120566 0.567867 0.070020 0.093360
0 0.195246 0.564318 0.070020 0.093360
0 0.269926 0.560769 0.070020 0.093360
0 0.344605 0.557219 0.070020 0.093360
0 0.419285 0.553670 0.070020 0.093360
0 0.493965 0.550120 0.070020 0.093360
0 0.568645 0.546571 0.070020 0.093360
0 0.643325 0.543022 0.070020 0.093360
0 0.718005 0.539472 0.070020 0.093360
0 0.792685 0.535923 0.070020 0.093360
0 0.123570 0.667192 0.070020 0.093360
0 0.198250 0.663643 0.070020 0.093360
0 0.272930 0.660093 0.070020 0.093360
0 0.347609 0.656544 0.070020 0.093360
0 0.422289 0.652995 0.070020 0.093360
0 0.496969 0.649445 0.070020 0.093360
0 0.571649 0.645896 0.070020 0.093360
0 0.646329 0.642347 0.070020 0.093360
0 0.721009 0.638797 0.070020 0.093360
0 0.795689 0.635248 0.070020 0.093360
0 0.126574 0.766517 0.070020 0.093360
0 0.201254 0.762967 0.070020 0.093360
0 0.275934 0.759418 0.070020 0.093360
0 0.350613 0.755869 0.070020 0.093360
0 0.425293 0.752319 0.070020 0.093360
0 0.499973 0.748770 0.070020 0.093360
0 0.574653 0.745221 0.070020 0.093360
0 0.649333 0.741671 0.070020 0.093360
0 0.724013 0.738122 0.070020 0.093360
0 0.798693 0.734573 0.070020 0.093360
0 0.129578 0.865841 0.070020 0.093360
0 0.204258 0.862292 0.070020 0.093360
0 0.278938 0.858743 0.070020 0.093360
0 0.353618 0.855193 0.070020 0.093360
0 0.428297 0.851644 0.070020 0.093360
0 0.502977 0.848095 0.070020 0.093360
0 0.577657 0.844545 0.070020 0.093360
0 0.652337 0.840996 0.070020 0.093360
0 0.727017 0.837447 0.070020 0.093360
0 0.801697 0.833897 0.070020 0.093360
