0 0.111597 0.164216 0.070020 0.093360
0 0.186304 0.161884 0.070020 0.093360
0 0.261011 0.159551 0.070020 0.093360
0 0.335718 0.157219 0.070020 0.093360
0 0.410425 0.154886 0.070020 0.093360
0 0.485131 0.152554 0.070020 0.093360
0 0.559838 0.150221 0.070020 0.093360
0 0.634545 0.147888 0.070020 0.093360
0 0.709252 0.145556 0.070020 0.093360
0 0.783959 0.143223 0.070020 0.093360
0 0.113691 0.263583 0.070020 0.093360
0 0.188398 0.261250 0.070020 0.093360
0 0.263105 0.258918 0.070020 0.093360
0 0.337812 0.256585 0.070020 0.093360
0 0.412518 0.254252 0.070020 0.093360
0 0.487225 0.251920 0.070020 0.093360
0 0.561932 0.249587 0.070020 0.093360
0 0.636639 0.247255 0.070020 0.093360
0 0.711346 0.244922 0.070020 0.093360
0 0.786053 0.242589 0.070020 0.093360
0 0.115785 0.362949 0.070020 0.093360
0 0.190492 0.360616 0.070020 0.093360
0 0.265198 0.358284 0.070020 0.093360
0 0.339905 0.355951 0.070020 0.093360
0 0.414612 0.353619 0.070020 0.093360
0 0.489319 0.351286 0.070020 0.093360
0 0.564026 0.348953 0.070020 0.093360
0 0.638733 0.346621 0.070020 0.093360
0 0.713439 0.344288 0.070020 0.093360
0 0.788146 0.341956 0.070020 0.093360
0 0.117878 0.462315 0.070020 0.093360
0 0.192585 0.459983 0.070020 0.093360
0 0.267292 0.457650 0.070020 0.093360
0 0.341999 0.455317 0.070020 0.093360
0 0.416706 0.452985 0.070020 0.093360
0 0.491413 0.450652 0.070020 0.093360
0 0.566120 0.448320 0.070020 0.093360
0 0.640826 0.445987 0.070020 0.093360
0 0.715533 0.443654 0.070020 0.093360
0 0.790240 0.441322 0.070020 0.093360
0 0.119972 0.561681 0.070020 0.093360
0 0.194679 0.559349 0.070020 0.093360
0 0.269386 0.557016 0.070020 0.093360
0 0.344093 0.554684 0.070020 0.093360
0 0.418800 0.552351 0.070020 0.093360
0 0.493506 0.550018 0.070020 0.093360
0 0.568213 0.547686 0.070020 0.093360
0 0.642920 0.545353 0.070020 0.093360
0 0.717627 0.543021 0.070020 0.093360
0 0.792334 0.540688 0.070020 0.093360
0 0.122066 0.661048 0.070020 0.093360
0 0.196773 0.658715 0.070020 0.093360
0 0.271480 0.656382 0.070020 0.093360
0 0.346186 0.654050 0.070020 0.093360
0 0.420893 0.651717 0.070020 0.093360
0 0.495600 0.649385 0.070020 0.093360
0 0.570307 0.647052 0.070020 0.093360
0 0.645014 0.644719 0.070020 0.093360
0 0.719721 0.642387 0.070020 0.093360
0 0.794427 0.640054 0.070020 0.093360
0 0.124160 0.760414 0.070020 0.093360
0 0.198867 0.758081 0.070020 0.093360
0 0.273573 0.755749 0.070020 0.093360
0 0.348280 0.753416 0.070020 0.093360
0 0.422987 0.751084 0.070020 0.093360
0 0.497694 0.748751 0.070020 0.093360
0 0.572401 0.746418 0.070020 0.093360
0 0.647108 0.744086 0.070020 0.093360
0 0.721814 0.741753 0.070020 0.093360
0 0.796521 0.739421 0.070020 0.093360
0 0.126253 0.859780 0.070020 0.093360
0 0.200960 0.857448 0.070020 0.093360
0 0.275667 0.855115 0.070020 0.093360
0 0.350374 0.852782 0.070020 0.093360
0 0.425081 0.850450 0.070020 0.093360
0 0.499788 0.848117 0.070020 0.093360
0 0.574494 0.845785 0.070020 0.093360
0 0.649201 0.843452 0.070020 0.093360
0 0.723908 0.841119 0.070020 0.093360
0 0.798615 0.838787 0.070020 0.093360
