0 0.137373 0.326326 0.055297 0.073729
0 0.196379 0.323689 0.055297 0.073729
0 0.255384 0.321053 0.055297 0.073729
0 0.314390 0.318416 0.055297 0.073729
0 0.373396 0.315779 0.055297 0.073729
0 0.432401 0.313143 0.055297 0.073729
0 0.491407 0.310506 0.055297 0.073729
0 0.550413 0.307869 0.055297 0.073729
0 0.609418 0.305233 0.055297 0.073729
0 0.668424 0.302596 0.055297 0.073729
0 0.727430 0.299959 0.055297 0.073729
0 0.139407 0.405075 0.055297 0.073729
0 0.198413 0.402439 0.055297 0.073729
0 0.257419 0.399802 0.055297 0.073729
0 0.316424 0.397165 0.055297 0.073729
0 0.375430 0.394529 0.055297 0.073729
0 0.434436 0.391892 0.055297 0.073729
0 0.493441 0.389255 0.055297 0.073729
0 0.552447 0.386619 0.055297 0.073729
0 0.611453 0.383982 0.055297 0.073729
0 0.670458 0.381345 0.055297 0.073729
0 0.729464 0.378709 0.055297 0.073729
0 0.141442 0.483825 0.055297 0.073729
0 0.200448 0.481188 0.055297 0.073729
0 0.259453 0.478551 0.055297 0.073729
0 0.318459 0.475915 0.055297 0.073729
0 0.377465 0.473278 0.055297 0.073729
0 0.436470 0.470641 0.055297 0.073729
0 0.495476 0.468005 0.055297 0.073729
0 0.554482 0.465368 0.055297 0.073729
0 0.613487 0.462731 0.055297 0.073729
0 0.672493 0.460095 0.055297 0.073729
0 0.731499 0.457458 0.055297 0.073729
0 0.143476 0.562574 0.055297 0.073729
0 0.202482 0.559938 0.055297 0.073729
0 0.261488 0.557301 0.055297 0.073729
0 0.320493 0.554664 0.055297 0.073729
0 0.379499 0.552028 0.055297 0.073729
0 0.438505 0.549391 0.055297 0.073729
0 0.497510 0.546754 0.055297 0.073729
0 0.556516 0.544118 0.055297 0.073729
0 0.615522 0.541481 0.055297 0.073729
0 0.674527 0.538844 0.055297 0.073729
0 0.733533 0.536207 0.055297 0.073729
0 0.145511 0.641324 0.055297 0.073729
0 0.204517 0.638687 0.055297 0.073729
0 0.263522 0.636050 0.055297 0.073729
0 0.322528 0.633414 0.055297 0.073729
0 0.381534 0.630777 0.055297 0.073729
0 0.440539 0.628140 0.055297 0.073729
0 0.499545 0.625504 0.055297 0.073729
0 0.558551 0.622867 0.055297 0.073729
0 0.617556 0.620230 0.055297 0.073729
0 0.676562 0.617594 0.055297 0.073729
0 0.735568 0.614957 0.055297 0.073729
0 0.147545 0.720073 0.055297 0.073729
0 0.206551 0.717436 0.055297 0.073729
0 0.265557 0.714800 0.055297 0.073729
0 0.324562 0.712163 0.055297 0.073729
0 0.383568 0.709526 0.055297 0.073729
0 0.442574 0.706890 0.055297 0.073729
0 0.501579 0.704253 0.055297 0.073729
0 0.560585 0.701616 0.055297 0.073729
0 0.619591 0.698980 0.055297 0.073729
0 0.678596 0.696343 0.055297 0.073729
0 0.737602 0.693706 0.055297 0.073729
0 0.149580 0.798823 0.055297 0.073729
0 0.208586 0.796186 0.055297 0.073729
0 0.267591 0.793549 0.055297 0.073729
0 0.326597 0.790912 0.055297 0.073729
0 0.385603 0.788276 0.055297 0.073729
0 0.444608 0.785639 0.055297 0.073729
0 0.503614 0.783002 0.055297 0.073729
0 0.562620 0.780366 0.055297 0.073729
0 0.621625 0.777729 0.055297 0.073729
0 0.680631 0.775092 0.055297 0.073729
0 0.739637 0.772456 0.055297 0.073729
0 0.151614 0.877572 0.055297 0.073729
0 0.210620 0.874935 0.055297 0.073729
0 0.269626 0.872299 0.055297 0.073729
0 0.328631 0.869662 0.055297 0.073729
0 0.387637 0.867025 0.055297 0.073729
0 0.446643 0.864389 0.055297 0.073729
0 0.505648 0.861752 0.055297 0.073729
0 0.564654 0.859115 0.055297 0.073729
0 0.623660 0.856479 0.055297 0.073729
0 0.682665 0.853842 0.055297 0.073729
0 0.741671 0.851205 0.055297 0.073729
