0 0.130956 0.337448 0.055297 0.073729
0 0.189912 0.333026 0.055297 0.073729
0 0.248869 0.328605 0.055297 0.073729
0 0.307826 0.324184 0.055297 0.073729
0 0.366782 0.319763 0.055297 0.073729
0 0.425739 0.315341 0.055297 0.073729
0 0.484696 0.310920 0.055297 0.073729
0 0.543653 0.306499 0.055297 0.073729
0 0.602609 0.302078 0.055297 0.073729
0 0.661566 0.297656 0.055297 0.073729
0 0.720523 0.293235 0.055297 0.073729
0 0.133444 0.416142 0.055297 0.073729
0 0.192400 0.411721 0.055297 0.073729
0 0.251357 0.407300 0.055297 0.073729
0 0.310314 0.402878 0.055297 0.073729
0 0.369270 0.398457 0.055297 0.073729
0 0.428227 0.394036 0.055297 0.073729
0 0.487184 0.389615 0.055297 0.073729
0 0.546141 0.385193 0.055297 0.073729
0 0.605097 0.380772 0.055297 0.073729
0 0.664054 0.376351 0.055297 0.073729
0 0.723011 0.371930 0.055297 0.073729
0 0.135932 0.494836 0.055297 0.073729
0 0.194888 0.490415 0.055297 0.073729
0 0.253845 0.485994 0.055297 0.073729
0 0.312802 0.481573 0.055297 0.073729
0 0.371759 0.477152 0.055297 0.073729
0 0.430715 0.472730 0.055297 0.073729
0 0.489672 0.468309 0.055297 0.073729
0 0.548629 0.463888 0.055297 0.073729
0 0.607585 0.459467 0.055297 0.073729
0 0.666542 0.455045 0.055297 0.073729
0 0.725499 0.450624 0.055297 0.073729
0 0.138420 0.573531 0.055297 0.073729
0 0.197376 0.569110 0.055297 0.073729
0 0.256333 0.564688 0.055297 0.073729
0 0.315290 0.560267 0.055297 0.073729
0 0.374247 0.555846 0.055297 0.073729
0 0.433203 0.551425 0.055297 0.073729
0 0.492160 0.547003 0.055297 0.073729
0 0.551117 0.542582 0.055297 0.073729
0 0.610074 0.538161 0.055297 0.073729
0 0.669030 0.533740 0.055297 0.073729
0 0.727987 0.529318 0.055297 0.073729
0 0.140908 0.652225 0.055297 0.073729
0 0.199864 0.647804 0.055297 0.073729
0 0.258821 0.643383 0.055297 0.073729
0 0.317778 0.638962 0.055297 0.073729
0 0.376735 0.634540 0.055297 0.073729
0 0.435691 0.630119 0.055297 0.073729
0 0.494648 0.625698 0.055297 0.073729
0 0.553605 0.621277 0.055297 0.073729
0 0.612562 0.616855 0.055297 0.073729
0 0.671518 0.612434 0.055297 0.073729
0 0.730475 0.608013 0.055297 0.073729
0 0.143396 0.730920 0.055297 0.073729
0 0.202352 0.726498 0.055297 0.073729
0 0.261309 0.722077 0.055297 0.073729
0 0.320266 0.717656 0.055297 0.073729
0 0.379223 0.713235 0.055297 0.073729
0 0.438179 0.708814 0.055297 0.073729
0 0.497136 0.704392 0.055297 0.073729
0 0.556093 0.699971 0.055297 0.073729
0 0.615050 0.695550 0.055297 0.073729
0 0.674006 0.691129 0.055297 0.073729
0 0.732963 0.686707 0.055297 0.073729
0 0.145884 0.809614 0.055297 0.073729
0 0.204841 0.805193 0.055297 0.073729
0 0.263797 0.800772 0.055297 0.073729
0 0.322754 0.796350 0.055297 0.073729
0 0.381711 0.791929 0.055297 0.073729
0 0.440667 0.787508 0.055297 0.073729
0 0.499624 0.783087 0.055297 0.073729
0 0.558581 0.778665 0.055297 0.073729
0 0.617538 0.774244 0.055297 0.073729
0 0.676494 0.769823 0.055297 0.073729
0 0.735451 0.765402 0.055297 0.073729
0 0.148372 0.888309 0.055297 0.073729
0 0.207329 0.883887 0.055297 0.073729
0 0.266285 0.879466 0.055297 0.073729
0 0.325242 0.875045 0.055297 0.073729
0 0.384199 0.870624 0.055297 0.073729
0 0.443155 0.866202 0.055297 0.073729
0 0.502112 0.861781 0.055297 0.073729
0 0.561069 0.857360 0.055297 0.073729
0 0.620026 0.852939 0.055297 0.073729
0 0.678982 0.848517 0.055297 0.073729
0 0.737939 0.844096 0.055297 0.073729
