0 0.137473 0.289050 0.060097 0.080130
0 0.203679 0.287669 0.060097 0.080130
0 0.269885 0.286288 0.060097 0.080130
0 0.336091 0.284907 0.060097 0.080130
0 0.402297 0.283526 0.060097 0.080130
0 0.468503 0.282145 0.060097 0.080130
0 0.534710 0.280765 0.060097 0.080130
0 0.137692 0.376891 0.060097 0.080130
0 0.203898 0.375510 0.060097 0.080130
0 0.270104 0.374129 0.060097 0.080130
0 0.336310 0.372748 0.060097 0.080130
0 0.402516 0.371367 0.060097 0.080130
0 0.468722 0.369987 0.060097 0.080130
0 0.534928 0.368606 0.060097 0.080130
0 0.137911 0.464732 0.060097 0.080130
0 0.204117 0.463351 0.060097 0.080130
0 0.270323 0.461970 0.060097 0.080130
0 0.336529 0.460589 0.060097 0.080130
0 0.402735 0.459209 0.060097 0.080130
0 0.468941 0.457828 0.060097 0.080130
0 0.535147 0.456447 0.060097 0.080130
0 0.138129 0.552573 0.060097 0.080130
0 0.204336 0.551192 0.060097 0.080130
0 0.270542 0.549811 0.060097 0.080130
0 0.336748 0.548431 0.060097 0.080130
0 0.402954 0.547050 0.060097 0.080130
0 0.469160 0.545669 0.060097 0.080130
0 0.535366 0.544288 0.060097 0.080130
0 0.138348 0.640414 0.060097 0.080130
0 0.204554 0.639033 0.060097 0.080130
0 0.270761 0.637653 0.060097 0.080130
0 0.336967 0.636272 0.060097 0.080130
0 0.403173 0.634891 0.060097 0.080130
0 0.469379 0.633510 0.060097 0.080130
0 0.535585 0.632129 0.060097 0.080130
0 0.138567 0.728256 0.060097 0.080130
0 0.204773 0.726875 0.060097 0.080130
0 0.270979 0.725494 0.060097 0.080130
0 0.337185 0.724113 0.060097 0.080130
0 0.403392 0.722732 0.060097 0.080130
0 0.469598 0.721351 0.060097 0.080130
0 0.535804 0.719970 0.060097 0.080130
0 0.138786 0.816097 0.060097 0.080130
0 0.204992 0.814716 0.060097 0.080130
0 0.271198 0.813335 0.060097 0.080130
0 0.337404 0.811954 0.060097 0.080130
0 0.403610 0.810573 0.060097 0.080130
0 0.469817 0.809192 0.060097 0.080130
0 0.536023 0.807811 0.060097 0.080130
0 0.139005 0.903938 0.060097 0.080130
0 0.205211 0.902557 0.060097 0.080130
0 0.271417 0.901176 0.060097 0.080130
0 0.337623 0.899795 0.060097 0.080130
0 0.403829 0.898414 0.060097 0.080130
0 0.470035 0.897033 0.060097 0.080130
0 0.536241 0.895653 0.060097 0.080130
