0 0.136036 0.306033 0.055297 0.073729
0 0.195095 0.306694 0.055297 0.073729
0 0.254153 0.307354 0.055297 0.073729
0 0.313212 0.308015 0.055297 0.073729
0 0.372271 0.308676 0.055297 0.073729
0 0.431330 0.309337 0.055297 0.073729
0 0.490389 0.309997 0.055297 0.073729
0 0.549448 0.310658 0.055297 0.073729
0 0.608507 0.311319 0.055297 0.073729
0 0.667566 0.311980 0.055297 0.073729
0 0.726625 0.312641 0.055297 0.073729
0 0.133824 0.384777 0.055297 0.073729
0 0.192883 0.385438 0.055297 0.073729
0 0.251941 0.386099 0.055297 0.073729
0 0.311000 0.386760 0.055297 0.073729
0 0.370059 0.387420 0.055297 0.073729
0 0.429118 0.388081 0.055297 0.073729
0 0.488177 0.388742 0.055297 0.073729
0 0.547236 0.389403 0.055297 0.073729
0 0.606295 0.390064 0.055297 0.073729
0 0.665354 0.390724 0.055297 0.073729
0 0.724413 0.391385 0.055297 0.073729
0 0.131612 0.463522 0.055297 0.073729
0 0.190671 0.464182 0.055297 0.073729
0 0.249730 0.464843 0.055297 0.073729
0 0.308788 0.465504 0.055297 0.073729
0 0.367847 0.466165 0.055297 0.073729
0 0.426906 0.466826 0.055297 0.073729
0 0.485965 0.467486 0.055297 0.073729
0 0.545024 0.468147 0.055297 0.073729
0 0.604083 0.468808 0.055297 0.073729
0 0.663142 0.469469 0.055297 0.073729
0 0.722201 0.470130 0.055297 0.073729
0 0.129400 0.542266 0.055297 0.073729
0 0.188459 0.542927 0.055297 0.073729
0 0.247518 0.543588 0.055297 0.073729
0 0.306576 0.544249 0.055297 0.073729
0 0.365635 0.544909 0.055297 0.073729
0 0.424694 0.545570 0.055297 0.073729
0 0.483753 0.546231 0.055297 0.073729
0 0.542812 0.546892 0.055297 0.073729
0 0.601871 0.547552 0.055297 0.073729
0 0.660930 0.548213 0.055297 0.073729
0 0.719989 0.548874 0.055297 0.073729
0 0.127188 0.621011 0.055297 0.073729
0 0.186247 0.621671 0.055297 0.073729
0 0.245306 0.622332 0.055297 0.073729
0 0.304364 0.622993 0.055297 0.073729
0 0.363423 0.623654 0.055297 0.073729
0 0.422482 0.624315 0.055297 0.073729
0 0.481541 0.624975 0.055297 0.073729
0 0.540600 0.625636 0.055297 0.073729
0 0.599659 0.626297 0.055297 0.073729
0 0.658718 0.626958 0.055297 0.073729
0 0.717777 0.627619 0.055297 0.073729
0 0.124976 0.699755 0.055297 0.073729
0 0.184035 0.700416 0.055297 0.073729
0 0.243094 0.701077 0.055297 0.073729
0 0.302152 0.701737 0.055297 0.073729
0 0.361211 0.702398 0.055297 0.073729
0 0.420270 0.703059 0.055297 0.073729
0 0.479329 0.703720 0.055297 0.073729
0 0.538388 0.704381 0.055297 0.073729
0 0.597447 0.705041 0.055297 0.073729
0 0.656506 0.705702 0.055297 0.073729
0 0.715565 0.706363 0.055297 0.073729
0 0.122764 0.778500 0.055297 0.073729
0 0.181823 0.779160 0.055297 0.073729
0 0.240882 0.779821 0.055297 0.073729
0 0.299940 0.780482 0.055297 0.073729
0 0.358999 0.781143 0.055297 0.073729
0 0.418058 0.781804 0.055297 0.073729
0 0.477117 0.782464 0.055297 0.073729
0 0.536176 0.783125 0.055297 0.073729
0 0.595235 0.783786 0.055297 0.073729
0 0.654294 0.784447 0.055297 0.073729
0 0.713353 0.785107 0.055297 0.073729
0 0.120552 0.857244 0.055297 0.073729
0 0.179611 0.857905 0.055297 0.073729
0 0.238670 0.858566 0.055297 0.073729
0 0.297729 0.859226 0.055297 0.073729
0 0.356787 0.859887 0.055297 0.073729
0 0.415846 0.860548 0.055297 0.073729
0 0.474905 0.861209 0.055297 0.073729
0 0.533964 0.861870 0.055297 0.073729
0 0.593023 0.862530 0.055297 0.073729
0 0.652082 0.863191 0.055297 0.073729
0 0.711141 0.863852 0.055297 0.073729
