0 0.170181 0.345321 0.054579 0.072771
0 0.229786 0.342470 0.054579 0.072771
0 0.289392 0.339619 0.054579 0.072771
0 0.348997 0.336768 0.054579 0.072771
0 0.408602 0.333917 0.054579 0.072771
0 0.468208 0.331066 0.054579 0.072771
0 0.527813 0.328215 0.054579 0.072771
0 0.172925 0.424654 0.054579 0.072771
0 0.232531 0.421803 0.054579 0.072771
0 0.292136 0.418952 0.054579 0.072771
0 0.351741 0.416101 0.054579 0.072771
0 0.411347 0.413250 0.054579 0.072771
0 0.470952 0.410399 0.054579 0.072771
0 0.530558 0.407548 0.054579 0.072771
0 0.175670 0.503987 0.054579 0.072771
0 0.235275 0.501136 0.054579 0.072771
0 0.294880 0.498285 0.054579 0.072771
0 0.354486 0.495434 0.054579 0.072771
0 0.414091 0.492583 0.054579 0.072771
0 0.473697 0.489732 0.054579 0.072771
0 0.533302 0.486881 0.054579 0.072771
0 0.178414 0.583319 0.054579 0.072771
0 0.238020 0.580468 0.054579 0.072771
0 0.297625 0.577618 0.054579 0.072771
0 0.357230 0.574767 0.054579 0.072771
0 0.416836 0.571916 0.054579 0.072771
0 0.476441 0.569065 0.054579 0.072771
0 0.536047 0.566214 0.054579 0.072771
0 0.181159 0.662652 0.054579 0.072771
0 0.240764 0.659801 0.054579 0.072771
0 0.300369 0.656950 0.054579 0.072771
0 0.359975 0.654100 0.054579 0.072771
0 0.419580 0.651249 0.054579 0.072771
0 0.479186 0.648398 0.054579 0.072771
0 0.538791 0.645547 0.054579 0.072771
0 0.183903 0.741985 0.054579 0.072771
0 0.243509 0.739134 0.054579 0.072771
0 0.303114 0.736283 0.054579 0.072771
0 0.362719 0.733432 0.054579 0.072771
0 0.422325 0.730582 0.054579 0.072771
0 0.481930 0.727731 0.054579 0.072771
0 0.541536 0.724880 0.054579 0.072771
0 0.186648 0.821318 0.054579 0.072771
0 0.246253 0.818467 0.054579 0.072771
0 0.305858 0.815616 0.054579 0.072771
0 0.365464 0.812765 0.054579 0.072771
0 0.425069 0.809914 0.054579 0.072771
0 0.484675 0.807063 0.054579 0.072771
0 0.544280 0.804213 0.054579 0.072771
0 0.189392 0.900651 0.054579 0.072771
0 0.248998 0.897800 0.054579 0.072771
0 0.308603 0.894949 0.054579 0.072771
0 0.368208 0.892098 0.054579 0.072771
0 0.427814 0.889247 0.054579 0.072771
0 0.487419 0.886396 0.054579 0.072771
0 0.547025 0.883545 0.054579 0.072771
