0 0.118930 0.292668 0.061003 0.081337
0 0.184302 0.290143 0.061003 0.081337
0 0.249673 0.287617 0.061003 0.081337
0 0.315044 0.285091 0.061003 0.081337
0 0.380415 0.282565 0.061003 0.081337
0 0.445786 0.280040 0.061003 0.081337
0 0.511157 0.277514 0.061003 0.081337
0 0.120303 0.379752 0.061003 0.081337
0 0.185674 0.377226 0.061003 0.081337
0 0.251045 0.374700 0.061003 0.081337
0 0.316416 0.372174 0.061003 0.081337
0 0.381787 0.369649 0.061003 0.081337
0 0.447158 0.367123 0.061003 0.081337
0 0.512529 0.364597 0.061003 0.081337
0 0.121675 0.466835 0.061003 0.081337
0 0.187046 0.464309 0.061003 0.081337
0 0.252417 0.461783 0.061003 0.081337
0 0.317788 0.459258 0.061003 0.081337
0 0.383159 0.456732 0.061003 0.081337
0 0.448530 0.454206 0.061003 0.081337
0 0.513901 0.451680 0.061003 0.081337
0 0.123047 0.553918 0.061003 0.081337
0 0.188418 0.551392 0.061003 0.081337
0 0.253789 0.548867 0.061003 0.081337
0 0.319160 0.546341 0.061003 0.081337
0 0.384531 0.543815 0.061003 0.081337
0 0.449902 0.541289 0.061003 0.081337
0 0.515273 0.538764 0.061003 0.081337
0 0.124419 0.641001 0.061003 0.081337
0 0.189790 0.638476 0.061003 0.081337
0 0.255161 0.635950 0.061003 0.081337
0 0.320532 0.633424 0.061003 0.081337
0 0.385903 0.630898 0.061003 0.081337
0 0.451274 0.628373 0.061003 0.081337
0 0.516645 0.625847 0.061003 0.081337
0 0.125791 0.728085 0.061003 0.081337
0 0.191162 0.725559 0.061003 0.081337
0 0.256533 0.723033 0.061003 0.081337
0 0.321904 0.720507 0.061003 0.081337
0 0.387275 0.717982 0.061003 0.081337
0 0.452646 0.715456 0.061003 0.081337
0 0.518017 0.712930 0.061003 0.081337
0 0.127163 0.815168 0.061003 0.081337
0 0.192534 0.812642 0.061003 0.081337
0 0.257905 0.810116 0.061003 0.081337
0 0.323276 0.807591 0.061003 0.081337
0 0.388647 0.805065 0.061003 0.081337
0 0.454018 0.802539 0.061003 0.081337
0 0.519390 0.800013 0.061003 0.081337
0 0.128535 0.902251 0.061003 0.081337
0 0.193906 0.899725 0.061003 0.081337
0 0.259277 0.897200 0.061003 0.081337
0 0.324648 0.894674 0.061003 0.081337
0 0.390019 0.892148 0.061003 0.081337
0 0.455391 0.889622 0.061003 0.081337
0 0.520762 0.887097 0.061003 0.081337
