0 0.168903 0.336039 0.054579 0.072771
0 0.228553 0.334854 0.054579 0.072771
0 0.288204 0.333668 0.054579 0.072771
0 0.347854 0.332483 0.054579 0.072771
0 0.407505 0.331297 0.054579 0.072771
0 0.467155 0.330112 0.054579 0.072771
0 0.526806 0.328926 0.054579 0.072771
0 0.169508 0.415407 0.054579 0.072771
0 0.229159 0.414221 0.054579 0.072771
0 0.288809 0.413036 0.054579 0.072771
0 0.348459 0.411850 0.054579 0.072771
0 0.408110 0.410664 0.054579 0.072771
0 0.467760 0.409479 0.054579 0.072771
0 0.527411 0.408293 0.054579 0.072771
0 0.170113 0.494774 0.054579 0.072771
0 0.229764 0.493588 0.054579 0.072771
0 0.289414 0.492403 0.054579 0.072771
0 0.349065 0.491217 0.054579 0.072771
0 0.408715 0.490032 0.054579 0.072771
0 0.468365 0.488846 0.054579 0.072771
0 0.528016 0.487660 0.054579 0.072771
0 0.170718 0.574141 0.054579 0.072771
0 0.230369 0.572956 0.054579 0.072771
0 0.290019 0.571770 0.054579 0.072771
0 0.349670 0.570584 0.054579 0.072771
0 0.409320 0.569399 0.054579 0.072771
0 0.468971 0.568213 0.054579 0.072771
0 0.528621 0.567028 0.054579 0.072771
0 0.171323 0.653508 0.054579 0.072771
0 0.230974 0.652323 0.054579 0.072771
0 0.290624 0.651137 0.054579 0.072771
0 0.350275 0.649952 0.054579 0.072771
0 0.409925 0.648766 0.054579 0.072771
0 0.469576 0.647580 0.054579 0.072771
0 0.529226 0.646395 0.054579 0.072771
0 0.171929 0.732876 0.054579 0.072771
0 0.231579 0.731690 0.054579 0.072771
0 0.291229 0.730504 0.054579 0.072771
0 0.350880 0.729319 0.054579 0.072771
0 0.410530 0.728133 0.054579 0.072771
0 0.470181 0.726948 0.054579 0.072771
0 0.529831 0.725762 0.054579 0.072771
0 0.172534 0.812243 0.054579 0.072771
0 0.232184 0.811057 0.054579 0.072771
0 0.291835 0.809872 0.054579 0.072771
0 0.351485 0.808686 0.054579 0.072771
0 0.411136 0.807500 0.054579 0.072771
0 0.470786 0.806315 0.054579 0.072771
0 0.530436 0.805129 0.054579 0.072771
0 0.173139 0.891610 0.054579 0.072771
0 0.232789 0.890424 0.054579 0.072771
0 0.292440 0.889239 0.054579 0.072771
0 0.352090 0.888053 0.054579 0.072771
0 0.411741 0.886868 0.054579 0.072771
0 0.471391 0.885682 0.054579 0.072771
0 0.531042 0.884497 0.054579 0.072771
