0 0.123035 0.206861 0.064606 0.086141
0 0.199674 0.211019 0.064606 0.086141
0 0.276313 0.215177 0.064606 0.086141
0 0.352952 0.219336 0.064606 0.086141
0 0.429591 0.223494 0.064606 0.086141
0 0.506230 0.227652 0.064606 0.086141
0 0.582869 0.231811 0.064606 0.086141
0 0.659508 0.235969 0.064606 0.086141
0 0.736147 0.240128 0.064606 0.086141
0 0.812785 0.244286 0.064606 0.086141
0 0.889424 0.248444 0.064606 0.086141
0 0.119127 0.310629 0.064606 0.086141
0 0.195766 0.314788 0.064606 0.086141
0 0.272405 0.318946 0.064606 0.086141
0 0.349044 0.323104 0.064606 0.086141
0 0.425682 0.327263 0.064606 0.086141
0 0.502321 0.331421 0.064606 0.086141
0 0.578960 0.335579 0.064606 0.086141
0 0.655599 0.339738 0.064606 0.086141
0 0.732238 0.343896 0.064606 0.086141
0 0.808877 0.348054 0.064606 0.086141
0 0.885516 0.352213 0.064606 0.086141
0 0.115218 0.414398 0.064606 0.086141
0 0.191857 0.418556 0.064606 0.086141
0 0.268496 0.422714 0.064606 0.086141
0 0.345135 0.426873 0.064606 0.086141
0 0.421774 0.431031 0.064606 0.086141
0 0.498413 0.435190 0.064606 0.086141
0 0.575052 0.439348 0.064606 0.086141
0 0.651691 0.443506 0.064606 0.086141
0 0.728329 0.447665 0.064606 0.086141
0 0.804968 0.451823 0.064606 0.086141
0 0.881607 0.455981 0.064606 0.086141
0 0.111310 0.518166 0.064606 0.086141
0 0.187949 0.522325 0.064606 0.086141
0 0.264587 0.526483 0.064606 0.086141
0 0.341226 0.530641 0.064606 0.086141
0 0.417865 0.534800 0.064606 0.086141
0 0.494504 0.538958 0.064606 0.086141
0 0.571143 0.543116 0.064606 0.086141
0 0.647782 0.547275 0.064606 0.086141
0 0.724421 0.551433 0.064606 0.086141
0 0.801060 0.555592 0.064606 0.086141
0 0.877699 0.559750 0.064606 0.086141
0 0.107401 0.621935 0.064606 0.086141
0 0.184040 0.626093 0.064606 0.086141
0 0.260679 0.630251 0.064606 0.086141
0 0.337318 0.634410 0.064606 0.086141
0 0.413957 0.638568 0.064606 0.086141
0 0.490596 0.642727 0.064606 0.086141
0 0.567234 0.646885 0.064606 0.086141
0 0.643873 0.651043 0.064606 0.086141
0 0.720512 0.655202 0.064606 0.086141
0 0.797151 0.659360 0.064606 0.086141
0 0.873790 0.663518 0.064606 0.086141
0 0.103493 0.725703 0.064606 0.086141
0 0.180131 0.729862 0.064606 0.086141
0 0.256770 0.734020 0.064606 0.086141
0 0.333409 0.738178 0.064606 0.086141
0 0.410048 0.742337 0.064606 0.086141
0 0.486687 0.746495 0.064606 0.086141
0 0.563326 0.750654 0.064606 0.086141
0 0.639965 0.754812 0.064606 0.086141
0 0.716604 0.758970 0.064606 0.086141
0 0.793243 0.763129 0.064606 0.086141
0 0.869881 0.767287 0.064606 0.086141
0 0.099584 0.829472 0.064606 0.086141
0 0.176223 0.833630 0.064606 0.086141
0 0.252862 0.837789 0.064606 0.086141
0 0.329501 0.841947 0.064606 0.086141
0 0.406140 0.846105 0.064606 0.086141
0 0.482778 0.850264 0.064606 0.086141
0 0.559417 0.854422 0.064606 0.086141
0 0.636056 0.858580 0.064606 0.086141
0 0.712695 0.862739 0.064606 0.086141
0 0.789334 0.866897 0.064606 0.086141
0 0.865973 0.871056 0.064606 0.086141
0 0.095675 0.933240 0.064606 0.086141
0 0.172314 0.937399 0.064606 0.086141
0 0.248953 0.941557 0.064606 0.086141
0 0.325592 0.945715 0.064606 0.086141
0 0.402231 0.949874 0.064606 0.086141
0 0.478870 0.954032 0.064606 0.086141
0 0.555509 0.956909 0.064606 0.083578
0 0.632148 0.958988 0.064606 0.079420
0 0.708787 0.961067 0.064606 0.075261
0 0.785425 0.963146 0.064606 0.071103
0 0.862064 0.965226 0.064606 0.066944
