0 0.145587 0.264399 0.058588 0.078118
0 0.209723 0.260696 0.058588 0.078118
0 0.273859 0.256993 0.058588 0.078118
0 0.337995 0.253290 0.058588 0.078118
0 0.402131 0.249587 0.058588 0.078118
0 0.466267 0.245884 0.058588 0.078118
0 0.530402 0.242182 0.058588 0.078118
0 0.594538 0.238479 0.058588 0.078118
0 0.658674 0.234776 0.058588 0.078118
0 0.722810 0.231073 0.058588 0.078118
0 0.148320 0.350144 0.058588 0.078118
0 0.212456 0.346441 0.058588 0.078118
0 0.276592 0.342739 0.058588 0.078118
0 0.340728 0.339036 0.058588 0.078118
0 0.404864 0.335333 0.058588 0.078118
0 0.468999 0.331630 0.058588 0.078118
0 0.533135 0.327927 0.058588 0.078118
0 0.597271 0.324225 0.058588 0.078118
0 0.661407 0.320522 0.058588 0.078118
0 0.725543 0.316819 0.058588 0.078118
0 0.151053 0.435890 0.058588 0.078118
0 0.215189 0.432187 0.058588 0.078118
0 0.279325 0.428484 0.058588 0.078118
0 0.343461 0.424781 0.058588 0.078118
0 0.407597 0.421079 0.058588 0.078118
0 0.471732 0.417376 0.058588 0.078118
0 0.535868 0.413673 0.058588 0.078118
0 0.600004 0.409970 0.058588 0.078118
0 0.664140 0.406267 0.058588 0.078118
0 0.728276 0.402565 0.058588 0.078118
0 0.153786 0.521636 0.058588 0.078118
0 0.217922 0.517933 0.058588 0.078118
0 0.282058 0.514230 0.058588 0.078118
0 0.346194 0.510527 0.058588 0.078118
0 0.410329 0.506824 0.058588 0.078118
0 0.474465 0.503122 0.058588 0.078118
0 0.538601 0.499419 0.058588 0.078118
0 0.602737 0.495716 0.058588 0.078118
0 0.666873 0.492013 0.058588 0.078118
0 0.731009 0.488310 0.058588 0.078118
0 0.156519 0.607381 0.058588 0.078118
0 0.220655 0.603678 0.058588 0.078118
0 0.284791 0.599976 0.058588 0.078118
0 0.348927 0.596273 0.058588 0.078118
0 0.413062 0.592570 0.058588 0.078118
0 0.477198 0.588867 0.058588 0.078118
0 0.541334 0.585164 0.058588 0.078118
0 0.605470 0.581462 0.058588 0.078118
0 0.669606 0.577759 0.058588 0.078118
0 0.733741 0.574056 0.058588 0.078118
0 0.159252 0.693127 0.058588 0.078118
0 0.223388 0.689424 0.058588 0.078118
0 0.287524 0.685721 0.058588 0.078118
0 0.351660 0.682019 0.058588 0.078118
0 0.415795 0.678316 0.058588 0.078118
0 0.479931 0.674613 0.058588 0.078118
0 0.544067 0.670910 0.058588 0.078118
0 0.608203 0.667207 0.058588 0.078118
0 0.672339 0.663504 0.058588 0.078118
0 0.736474 0.659802 0.058588 0.078118
0 0.161985 0.778873 0.058588 0.078118
0 0.226121 0.775170 0.058588 0.078118
0 0.290257 0.771467 0.058588 0.078118
0 0.354392 0.767764 0.058588 0.078118
0 0.418528 0.764061 0.058588 0.078118
0 0.482664 0.760359 0.058588 0.078118
0 0.546800 0.756656 0.058588 0.078118
0 0.610936 0.752953 0.058588 0.078118
0 0.675071 0.749250 0.058588 0.078118
0 0.739207 0.745547 0.058588 0.078118
0 0.164718 0.864618 0.058588 0.078118
0 0.228854 0.860915 0.058588 0.078118
0 0.292990 0.857213 0.058588 0.078118
0 0.357125 0.853510 0.058588 0.078118
0 0.421261 0.849807 0.058588 0.078118
0 0.485397 0.846104 0.058588 0.078118
0 0.549533 0.842401 0.058588 0.078118
0 0.613669 0.838699 0.058588 0.078118
0 0.677804 0.834996 0.058588 0.078118
0 0.741940 0.831293 0.058588 0.078118
