0 0.095330 0.212309 0.066249 0.088332
0 0.169758 0.213850 0.066249 0.088332
0 0.244185 0.215391 0.066249 0.088332
0 0.318613 0.216933 0.066249 0.088332
0 0.393040 0.218474 0.066249 0.088332
0 0.467467 0.220016 0.066249 0.088332
0 0.541895 0.221557 0.066249 0.088332
0 0.616322 0.223099 0.066249 0.088332
0 0.690750 0.224640 0.066249 0.088332
0 0.765177 0.226182 0.066249 0.088332
0 0.839604 0.227723 0.066249 0.088332
0 0.914032 0.229264 0.066249 0.088332
0 0.094503 0.317059 0.066249 0.088332
0 0.168930 0.318600 0.066249 0.088332
0 0.243357 0.320142 0.066249 0.088332
0 0.317785 0.321683 0.066249 0.088332
0 0.392212 0.323225 0.066249 0.088332
0 0.466640 0.324766 0.066249 0.088332
0 0.541067 0.326308 0.066249 0.088332
0 0.615494 0.327849 0.066249 0.088332
0 0.689922 0.329390 0.066249 0.088332
0 0.764349 0.330932 0.066249 0.088332
0 0.838776 0.332473 0.066249 0.088332
0 0.913204 0.334015 0.066249 0.088332
0 0.093675 0.421809 0.066249 0.088332
0 0.168102 0.423351 0.066249 0.088332
0 0.242530 0.424892 0.066249 0.088332
0 0.316957 0.426434 0.066249 0.088332
0 0.391384 0.427975 0.066249 0.088332
0 0.465812 0.429517 0.066249 0.088332
0 0.540239 0.431058 0.066249 0.088332
0 0.614666 0.432599 0.066249 0.088332
0 0.689094 0.434141 0.066249 0.088332
0 0.763521 0.435682 0.066249 0.088332
0 0.837949 0.437224 0.066249 0.088332
0 0.912376 0.438765 0.066249 0.088332
0 0.092847 0.526560 0.066249 0.088332
0 0.167274 0.528101 0.066249 0.088332
0 0.241702 0.529643 0.066249 0.088332
0 0.316129 0.531184 0.066249 0.088332
0 0.390556 0.532725 0.066249 0.088332
0 0.464984 0.534267 0.066249 0.088332
0 0.539411 0.535808 0.066249 0.088332
0 0.613839 0.537350 0.066249 0.088332
0 0.688266 0.538891 0.066249 0.088332
0 0.762693 0.540433 0.066249 0.088332
0 0.837121 0.541974 0.066249 0.088332
0 0.911548 0.543516 0.066249 0.088332
0 0.092019 0.631310 0.066249 0.088332
0 0.166446 0.632852 0.066249 0.088332
0 0.240874 0.634393 0.066249 0.088332
0 0.315301 0.635934 0.066249 0.088332
0 0.389729 0.637476 0.066249 0.088332
0 0.464156 0.639017 0.066249 0.088332
0 0.538583 0.640559 0.066249 0.088332
0 0.613011 0.642100 0.066249 0.088332
0 0.687438 0.643642 0.066249 0.088332
0 0.761865 0.645183 0.066249 0.088332
0 0.836293 0.646724 0.066249 0.088332
0 0.910720 0.648266 0.066249 0.088332
0 0.091191 0.736060 0.066249 0.088332
0 0.165619 0.737602 0.066249 0.088332
0 0.240046 0.739143 0.066249 0.088332
0 0.314473 0.740685 0.066249 0.088332
0 0.388901 0.742226 0.066249 0.088332
0 0.463328 0.743768 0.066249 0.088332
0 0.537755 0.745309 0.066249 0.088332
0 0.612183 0.746851 0.066249 0.088332
0 0.686610 0.748392 0.066249 0.088332
0 0.761038 0.749933 0.066249 0.088332
0 0.835465 0.751475 0.066249 0.088332
0 0.909892 0.753016 0.066249 0.088332
0 0.090363 0.840811 0.066249 0.088332
0 0.164791 0.842352 0.066249 0.088332
0 0.239218 0.843894 0.066249 0.088332
0 0.313645 0.845435 0.066249 0.088332
0 0.388073 0.846977 0.066249 0.088332
0 0.462500 0.848518 0.066249 0.088332
0 0.536928 0.850059 0.066249 0.088332
0 0.611355 0.851601 0.066249 0.088332
0 0.685782 0.853142 0.066249 0.088332
0 0.760210 0.854684 0.066249 0.088332
0 0.834637 0.856225 0.066249 0.088332
0 0.909065 0.857767 0.066249 0.088332
0 0.089535 0.945561 0.066249 0.088332
0 0.163963 0.947103 0.066249 0.088332
0 0.238390 0.948644 0.066249 0.088332
0 0.312818 0.950186 0.066249 0.088332
0 0.387245 0.951727 0.066249 0.088332
0 0.461672 0.953268 0.066249 0.088332
0 0.536100 0.954671 0.066249 0.088054
0 0.610527 0.955441 0.066249 0.086513
0 0.684955 0.956212 0.066249 0.084971
0 0.759382 0.956983 0.066249 0.083430
0 0.833809 0.957754 0.066249 0.081889
0 0.908237 0.958524 0.066249 0.080347
