0 0.150356 0.253401 0.060097 0.080130
0 0.216453 0.258643 0.060097 0.080130
0 0.282551 0.263885 0.060097 0.080130
0 0.348648 0.269126 0.060097 0.080130
0 0.414746 0.274368 0.060097 0.080130
0 0.480843 0.279610 0.060097 0.080130
0 0.546940 0.284852 0.060097 0.080130
0 0.145635 0.341017 0.060097 0.080130
0 0.211732 0.346259 0.060097 0.080130
0 0.277829 0.351500 0.060097 0.080130
0 0.343927 0.356742 0.060097 0.080130
0 0.410024 0.361984 0.060097 0.080130
0 0.476122 0.367226 0.060097 0.080130
0 0.542219 0.372467 0.060097 0.080130
0 0.140913 0.428633 0.060097 0.080130
0 0.207011 0.433874 0.060097 0.080130
0 0.273108 0.439116 0.060097 0.080130
0 0.339205 0.444358 0.060097 0.080130
0 0.405303 0.449600 0.060097 0.080130
0 0.471400 0.454841 0.060097 0.080130
0 0.537498 0.460083 0.060097 0.080130
0 0.136192 0.516248 0.060097 0.080130
0 0.202289 0.521490 0.060097 0.080130
0 0.268386 0.526732 0.060097 0.080130
0 0.334484 0.531974 0.060097 0.080130
0 0.400581 0.537215 0.060097 0.080130
0 0.466679 0.542457 0.060097 0.080130
0 0.532776 0.547699 0.060097 0.080130
0 0.131470 0.603864 0.060097 0.080130
0 0.197568 0.609106 0.060097 0.080130
0 0.263665 0.614348 0.060097 0.080130
0 0.329762 0.619589 0.060097 0.080130
0 0.395860 0.624831 0.060097 0.080130
0 0.461957 0.630073 0.060097 0.080130
0 0.528055 0.635315 0.060097 0.080130
0 0.126749 0.691480 0.060097 0.080130
0 0.192846 0.696722 0.060097 0.080130
0 0.258944 0.701963 0.060097 0.080130
0 0.325041 0.707205 0.060097 0.080130
0 0.391138 0.712447 0.060097 0.080130
0 0.457236 0.717689 0.060097 0.080130
0 0.523333 0.722930 0.060097 0.080130
0 0.122027 0.779096 0.060097 0.080130
0 0.188125 0.784337 0.060097 0.080130
0 0.254222 0.789579 0.060097 0.080130
0 0.320320 0.794821 0.060097 0.080130
0 0.386417 0.800063 0.060097 0.080130
0 0.452514 0.805304 0.060097 0.080130
0 0.518612 0.810546 0.060097 0.080130
0 0.117306 0.866711 0.060097 0.080130
0 0.183403 0.871953 0.060097 0.080130
0 0.249501 0.877195 0.060097 0.080130
0 0.315598 0.882437 0.060097 0.080130
0 0.381696 0.887678 0.060097 0.080130
0 0.447793 0.892920 0.060097 0.080130
0 0.513890 0.898162 0.060097 0.080130
