0 0.113804 0.229064 0.064606 0.086141
0 0.190506 0.228761 0.064606 0.086141
0 0.267208 0.228458 0.064606 0.086141
0 0.343910 0.228155 0.064606 0.086141
0 0.420612 0.227852 0.064606 0.086141
0 0.497314 0.227549 0.064606 0.086141
0 0.574016 0.227247 0.064606 0.086141
0 0.650718 0.226944 0.064606 0.086141
0 0.727420 0.226641 0.064606 0.086141
0 0.804122 0.226338 0.064606 0.086141
0 0.880824 0.226035 0.064606 0.086141
0 0.113294 0.332961 0.064606 0.086141
0 0.189996 0.332658 0.064606 0.086141
0 0.266698 0.332355 0.064606 0.086141
0 0.343400 0.332052 0.064606 0.086141
0 0.420102 0.331749 0.064606 0.086141
0 0.496804 0.331446 0.064606 0.086141
0 0.573506 0.331144 0.064606 0.086141
0 0.650208 0.330841 0.064606 0.086141
0 0.726910 0.330538 0.064606 0.086141
0 0.803612 0.330235 0.064606 0.086141
0 0.880314 0.329932 0.064606 0.086141
0 0.112784 0.436858 0.064606 0.086141
0 0.189486 0.436555 0.064606 0.086141
0 0.266188 0.436252 0.064606 0.086141
0 0.342890 0.435949 0.064606 0.086141
0 0.419592 0.435646 0.064606 0.086141
0 0.496294 0.435344 0.064606 0.086141
0 0.572996 0.435041 0.064606 0.086141
0 0.649698 0.434738 0.064606 0.086141
0 0.726400 0.434435 0.064606 0.086141
0 0.803102 0.434132 0.064606 0.086141
0 0.879804 0.433829 0.064606 0.086141
0 0.112274 0.540755 0.064606 0.086141
0 0.188976 0.540452 0.064606 0.086141
0 0.265678 0.540149 0.064606 0.086141
0 0.342380 0.539846 0.064606 0.086141
0 0.419082 0.539543 0.064606 0.086141
0 0.495784 0.539241 0.064606 0.086141
0 0.572486 0.538938 0.064606 0.086141
0 0.649188 0.538635 0.064606 0.086141
0 0.725890 0.538332 0.064606 0.086141
0 0.802592 0.538029 0.064606 0.086141
0 0.879294 0.537726 0.064606 0.086141
0 0.111764 0.644652 0.064606 0.086141
0 0.188466 0.644349 0.064606 0.086141
0 0.265168 0.644046 0.064606 0.086141
0 0.341870 0.643743 0.064606 0.086141
0 0.418572 0.643441 0.064606 0.086141
0 0.495274 0.643138 0.064606 0.086141
0 0.571976 0.642835 0.064606 0.086141
0 0.648678 0.642532 0.064606 0.086141
0 0.725380 0.642229 0.064606 0.086141
0 0.802082 0.641926 0.064606 0.086141
0 0.878784 0.641624 0.064606 0.086141
0 0.111254 0.748549 0.064606 0.086141
0 0.187956 0.748246 0.064606 0.086141
0 0.264658 0.747943 0.064606 0.086141
0 0.341360 0.747640 0.064606 0.086141
0 0.418062 0.747338 0.064606 0.086141
0 0.494764 0.747035 0.064606 0.086141
0 0.571466 0.746732 0.064606 0.086141
0 0.648168 0.746429 0.064606 0.086141
0 0.724870 0.746126 0.064606 0.086141
0 0.801572 0.745823 0.064606 0.086141
0 0.878274 0.745521 0.064606 0.086141
0 0.110744 0.852446 0.064606 0.086141
0 0.187446 0.852143 0.064606 0.086141
0 0.264148 0.851840 0.064606 0.086141
0 0.340850 0.851538 0.064606 0.086141
0 0.417552 0.851235 0.064606 0.086141
0 0.494254 0.850932 0.064606 0.086141
0 0.570956 0.850629 0.064606 0.086141
0 0.647658 0.850326 0.064606 0.086141
0 0.724360 0.850023 0.064606 0.086141
0 0.801062 0.849721 0.064606 0.086141
0 0.877763 0.849418 0.064606 0.086141
0 0.110233 0.955985 0.064606 0.085425
0 0.186935 0.955834 0.064606 0.085728
0 0.263637 0.955682 0.064606 0.086031
0 0.340339 0.955435 0.064606 0.086141
0 0.417041 0.955132 0.064606 0.086141
0 0.493743 0.954829 0.064606 0.086141
0 0.570445 0.954526 0.064606 0.086141
0 0.647147 0.954223 0.064606 0.086141
0 0.723849 0.953920 0.064606 0.086141
0 0.800551 0.953618 0.064606 0.086141
0 0.877253 0.953315 0.064606 0.086141
