0 0.238429 0.061257 0.068395 0.091194
0 0.316617 0.059604 0.068395 0.091194
0 0.394805 0.057951 0.068395 0.091194
0 0.472993 0.056297 0.068395 0.091194
0 0.551181 0.054644 0.068395 0.091194
0 0.629369 0.052991 0.068395 0.091194
0 0.707557 0.051338 0.068395 0.091194
0 0.785745 0.049684 0.068395 0.091194
0 0.863933 0.048031 0.068395 0.091194
0 0.942121 0.046378 0.068395 0.091194
0 0.241844 0.163520 0.068395 0.091194
0 0.320031 0.161866 0.068395 0.091194
0 0.398219 0.160213 0.068395 0.091194
0 0.476407 0.158560 0.068395 0.091194
0 0.554595 0.156907 0.068395 0.091194
0 0.632783 0.155253 0.068395 0.091194
0 0.710971 0.153600 0.068395 0.091194
0 0.789159 0.151947 0.068395 0.091194
0 0.867347 0.150294 0.068395 0.091194
0 0.945535 0.148640 0.068395 0.091194
0 0.245258 0.265782 0.068395 0.091194
0 0.323446 0.264129 0.068395 0.091194
0 0.401633 0.262476 0.068395 0.091194
0 0.479821 0.260822 0.068395 0.091194
0 0.558009 0.259169 0.068395 0.091194
0 0.636197 0.257516 0.068395 0.091194
0 0.714385 0.255863 0.068395 0.091194
0 0.792573 0.254209 0.068395 0.091194
0 0.870761 0.252556 0.068395 0.091194
0 0.948949 0.250903 0.068395 0.091194
0 0.248672 0.368045 0.068395 0.091194
0 0.326860 0.366391 0.068395 0.091194
0 0.405048 0.364738 0.068395 0.091194
0 0.483235 0.363085 0.068395 0.091194
0 0.561423 0.361432 0.068395 0.091194
0 0.639611 0.359779 0.068395 0.091194
0 0.717799 0.358125 0.068395 0.091194
0 0.795987 0.356472 0.068395 0.091194
0 0.874175 0.354819 0.068395 0.091194
0 0.952363 0.353166 0.068395 0.091194
0 0.252086 0.470307 0.068395 0.091194
0 0.330274 0.468654 0.068395 0.091194
0 0.408462 0.467001 0.068395 0.091194
0 0.486650 0.465348 0.068395 0.091194
0 0.564837 0.463694 0.068395 0.091194
0 0.643025 0.462041 0.068395 0.091194
0 0.721213 0.460388 0.068395 0.091194
0 0.799401 0.458735 0.068395 0.091194
0 0.877589 0.457081 0.068395 0.091194
0 0.955777 0.455428 0.068395 0.091194
0 0.255500 0.572570 0.068395 0.091194
0 0.333688 0.570917 0.068395 0.091194
0 0.411876 0.569263 0.068395 0.091194
0 0.490064 0.567610 0.068395 0.091194
0 0.568252 0.565957 0.068395 0.091194
0 0.646440 0.564304 0.068395 0.091194
0 0.724627 0.562650 0.068395 0.091194
0 0.802815 0.560997 0.068395 0.091194
0 0.881003 0.559344 0.068395 0.091194
0 0.959191 0.557691 0.068395 0.091194
0 0.258914 0.674832 0.068395 0.091194
0 0.337102 0.673179 0.068395 0.091194
0 0.415290 0.671526 0.068395 0.091194
0 0.493478 0.669873 0.068395 0.091194
0 0.571666 0.668219 0.068395 0.091194
0 0.649854 0.666566 0.068395 0.091194
0 0.728042 0.664913 0.068395 0.091194
0 0.806229 0.663260 0.068395 0.091194
0 0.884417 0.661607 0.068395 0.091194
0 0.962605 0.659953 0.068395 0.091194
0 0.262328 0.777095 0.068395 0.091194
0 0.340516 0.775442 0.068395 0.091194
0 0.418704 0.773789 0.068395 0.091194
0 0.496892 0.772135 0.068395 0.091194
0 0.575080 0.770482 0.068395 0.091194
0 0.653268 0.768829 0.068395 0.091194
0 0.731456 0.767176 0.068395 0.091194
0 0.809644 0.765522 0.068395 0.091194
0 0.887831 0.763869 0.068395 0.091194
0 0.965423 0.762216 0.067202 0.091194
