0 0.086304 0.236118 0.066249 0.088332
0 0.160711 0.233329 0.066249 0.088332
0 0.235118 0.230540 0.066249 0.088332
0 0.309525 0.227752 0.066249 0.088332
0 0.383932 0.224963 0.066249 0.088332
0 0.458339 0.222174 0.066249 0.088332
0 0.532746 0.219386 0.066249 0.088332
0 0.607153 0.216597 0.066249 0.088332
0 0.681560 0.213808 0.066249 0.088332
0 0.755967 0.211020 0.066249 0.088332
0 0.830374 0.208231 0.066249 0.088332
0 0.904781 0.205442 0.066249 0.088332
0 0.088904 0.340816 0.066249 0.088332
0 0.163311 0.338028 0.066249 0.088332
0 0.237718 0.335239 0.066249 0.088332
0 0.312125 0.332450 0.066249 0.088332
0 0.386532 0.329662 0.066249 0.088332
0 0.460939 0.326873 0.066249 0.088332
0 0.535346 0.324084 0.066249 0.088332
0 0.609753 0.321296 0.066249 0.088332
0 0.684160 0.318507 0.066249 0.088332
0 0.758566 0.315718 0.066249 0.088332
0 0.832973 0.312930 0.066249 0.088332
0 0.907380 0.310141 0.066249 0.088332
0 0.091504 0.445515 0.066249 0.088332
0 0.165911 0.442727 0.066249 0.088332
0 0.240317 0.439938 0.066249 0.088332
0 0.314724 0.437149 0.066249 0.088332
0 0.389131 0.434361 0.066249 0.088332
0 0.463538 0.431572 0.066249 0.088332
0 0.537945 0.428783 0.066249 0.088332
0 0.612352 0.425995 0.066249 0.088332
0 0.686759 0.423206 0.066249 0.088332
0 0.761166 0.420417 0.066249 0.088332
0 0.835573 0.417629 0.066249 0.088332
0 0.909980 0.414840 0.066249 0.088332
0 0.094103 0.550214 0.066249 0.088332
0 0.168510 0.547425 0.066249 0.088332
0 0.242917 0.544637 0.066249 0.088332
0 0.317324 0.541848 0.066249 0.088332
0 0.391731 0.539059 0.066249 0.088332
0 0.466138 0.536271 0.066249 0.088332
0 0.540545 0.533482 0.066249 0.088332
0 0.614952 0.530693 0.066249 0.088332
0 0.689359 0.527905 0.066249 0.088332
0 0.763766 0.525116 0.066249 0.088332
0 0.838173 0.522327 0.066249 0.088332
0 0.912580 0.519539 0.066249 0.088332
0 0.096703 0.654913 0.066249 0.088332
0 0.171110 0.652124 0.066249 0.088332
0 0.245517 0.649336 0.066249 0.088332
0 0.319924 0.646547 0.066249 0.088332
0 0.394331 0.643758 0.066249 0.088332
0 0.468738 0.640970 0.066249 0.088332
0 0.543145 0.638181 0.066249 0.088332
0 0.617552 0.635392 0.066249 0.088332
0 0.691959 0.632604 0.066249 0.088332
0 0.766366 0.629815 0.066249 0.088332
0 0.840773 0.627026 0.066249 0.088332
0 0.915180 0.624238 0.066249 0.088332
0 0.099303 0.759612 0.066249 0.088332
0 0.173710 0.756823 0.066249 0.088332
0 0.248117 0.754034 0.066249 0.088332
0 0.322524 0.751246 0.066249 0.088332
0 0.396931 0.748457 0.066249 0.088332
0 0.471338 0.745668 0.066249 0.088332
0 0.545745 0.742880 0.066249 0.088332
0 0.620152 0.740091 0.066249 0.088332
0 0.694559 0.737302 0.066249 0.088332
0 0.768966 0.734514 0.066249 0.088332
0 0.843373 0.731725 0.066249 0.088332
0 0.917780 0.728936 0.066249 0.088332
0 0.101903 0.864311 0.066249 0.088332
0 0.176310 0.861522 0.066249 0.088332
0 0.250717 0.858733 0.066249 0.088332
0 0.325124 0.855945 0.066249 0.088332
0 0.399531 0.853156 0.066249 0.088332
0 0.473938 0.850367 0.066249 0.088332
0 0.548345 0.847579 0.066249 0.088332
0 0.622751 0.844790 0.066249 0.088332
0 0.697158 0.842001 0.066249 0.088332
0 0.771565 0.839213 0.066249 0.088332
0 0.845972 0.836424 0.066249 0.088332
0 0.920379 0.833635 0.066249 0.088332
0 0.104502 0.961771 0.066249 0.073855
0 0.178909 0.960376 0.066249 0.076643
0 0.253316 0.958982 0.066249 0.079432
0 0.327723 0.957588 0.066249 0.082221
0 0.402130 0.956193 0.066249 0.085009
0 0.476537 0.954799 0.066249 0.087798
0 0.550944 0.952277 0.066249 0.088332
0 0.625337 0.949068 0.066249 0.087489
0 0.699719 0.945509 0.066249 0.085948
0 0.774101 0.941950 0.066249 0.084407
0 0.848483 0.938392 0.066249 0.082865
0 0.922865 0.934833 0.066249 0.081324
