0 0.133933 0.249174 0.061003 0.081337
0 0.199221 0.254255 0.061003 0.081337
0 0.264508 0.259335 0.061003 0.081337
0 0.329795 0.264416 0.061003 0.081337
0 0.395083 0.269496 0.061003 0.081337
0 0.460370 0.274577 0.061003 0.081337
0 0.525658 0.279657 0.061003 0.081337
0 0.129608 0.336086 0.061003 0.081337
0 0.194895 0.341166 0.061003 0.081337
0 0.260182 0.346246 0.061003 0.081337
0 0.325470 0.351327 0.061003 0.081337
0 0.390757 0.356407 0.061003 0.081337
0 0.456045 0.361488 0.061003 0.081337
0 0.521332 0.366568 0.061003 0.081337
0 0.125282 0.422997 0.061003 0.081337
0 0.190570 0.428077 0.061003 0.081337
0 0.255857 0.433158 0.061003 0.081337
0 0.321144 0.438238 0.061003 0.081337
0 0.386432 0.443319 0.061003 0.081337
0 0.451719 0.448399 0.061003 0.081337
0 0.517007 0.453480 0.061003 0.081337
0 0.120957 0.509908 0.061003 0.081337
0 0.186244 0.514989 0.061003 0.081337
0 0.251532 0.520069 0.061003 0.081337
0 0.316819 0.525150 0.061003 0.081337
0 0.382106 0.530230 0.061003 0.081337
0 0.447394 0.535311 0.061003 0.081337
0 0.512681 0.540391 0.061003 0.081337
0 0.116631 0.596819 0.061003 0.081337
0 0.181919 0.601900 0.061003 0.081337
0 0.247206 0.606980 0.061003 0.081337
0 0.312493 0.612061 0.061003 0.081337
0 0.377781 0.617141 0.061003 0.081337
0 0.443068 0.622222 0.061003 0.081337
0 0.508356 0.627302 0.061003 0.081337
0 0.112306 0.683731 0.061003 0.081337
0 0.177593 0.688811 0.061003 0.081337
0 0.242881 0.693892 0.061003 0.081337
0 0.308168 0.698972 0.061003 0.081337
0 0.373455 0.704053 0.061003 0.081337
0 0.438743 0.709133 0.061003 0.081337
0 0.504030 0.714214 0.061003 0.081337
0 0.107980 0.770642 0.061003 0.081337
0 0.173268 0.775723 0.061003 0.081337
0 0.238555 0.780803 0.061003 0.081337
0 0.303843 0.785884 0.061003 0.081337
0 0.369130 0.790964 0.061003 0.081337
0 0.434417 0.796044 0.061003 0.081337
0 0.499705 0.801125 0.061003 0.081337
0 0.103655 0.857553 0.061003 0.081337
0 0.168942 0.862634 0.061003 0.081337
0 0.234230 0.867714 0.061003 0.081337
0 0.299517 0.872795 0.061003 0.081337
0 0.364804 0.877875 0.061003 0.081337
0 0.430092 0.882956 0.061003 0.081337
0 0.495379 0.888036 0.061003 0.081337
