0 0.138418 0.222993 0.058834 0.078445
0 0.201884 0.221311 0.058834 0.078445
0 0.265351 0.219628 0.058834 0.078445
0 0.328818 0.217945 0.058834 0.078445
0 0.392284 0.216262 0.058834 0.078445
0 0.455751 0.214579 0.058834 0.078445
0 0.519218 0.212896 0.058834 0.078445
0 0.582685 0.211214 0.058834 0.078445
0 0.646151 0.209531 0.058834 0.078445
0 0.709618 0.207848 0.058834 0.078445
0 0.773085 0.206165 0.058834 0.078445
0 0.836552 0.204482 0.058834 0.078445
0 0.139786 0.307341 0.058834 0.078445
0 0.203253 0.305658 0.058834 0.078445
0 0.266719 0.303975 0.058834 0.078445
0 0.330186 0.302292 0.058834 0.078445
0 0.393653 0.300609 0.058834 0.078445
0 0.457119 0.298926 0.058834 0.078445
0 0.520586 0.297244 0.058834 0.078445
0 0.584053 0.295561 0.058834 0.078445
0 0.647520 0.293878 0.058834 0.078445
0 0.710986 0.292195 0.058834 0.078445
0 0.774453 0.290512 0.058834 0.078445
0 0.837920 0.288830 0.058834 0.078445
0 0.141154 0.391688 0.058834 0.078445
0 0.204621 0.390005 0.058834 0.078445
0 0.268088 0.388322 0.058834 0.078445
0 0.331554 0.386639 0.058834 0.078445
0 0.395021 0.384956 0.058834 0.078445
0 0.458488 0.383274 0.058834 0.078445
0 0.521955 0.381591 0.058834 0.078445
0 0.585421 0.379908 0.058834 0.078445
0 0.648888 0.378225 0.058834 0.078445
0 0.712355 0.376542 0.058834 0.078445
0 0.775821 0.374859 0.058834 0.078445
0 0.839288 0.373177 0.058834 0.078445
0 0.142522 0.476035 0.058834 0.078445
0 0.205989 0.474352 0.058834 0.078445
0 0.269456 0.472669 0.058834 0.078445
0 0.332923 0.470986 0.058834 0.078445
0 0.396389 0.469304 0.058834 0.078445
0 0.459856 0.467621 0.058834 0.078445
0 0.523323 0.465938 0.058834 0.078445
0 0.586790 0.464255 0.058834 0.078445
0 0.650256 0.462572 0.058834 0.078445
0 0.713723 0.460889 0.058834 0.078445
0 0.777190 0.459207 0.058834 0.078445
0 0.840656 0.457524 0.058834 0.078445
0 0.143891 0.560382 0.058834 0.078445
0 0.207357 0.558699 0.058834 0.078445
0 0.270824 0.557016 0.058834 0.078445
0 0.334291 0.555334 0.058834 0.078445
0 0.397758 0.553651 0.058834 0.078445
0 0.461224 0.551968 0.058834 0.078445
0 0.524691 0.550285 0.058834 0.078445
0 0.588158 0.548602 0.058834 0.078445
0 0.651625 0.546919 0.058834 0.078445
0 0.715091 0.545237 0.058834 0.078445
0 0.778558 0.543554 0.058834 0.078445
0 0.842025 0.541871 0.058834 0.078445
0 0.145259 0.644729 0.058834 0.078445
0 0.208726 0.643046 0.058834 0.078445
0 0.272192 0.641363 0.058834 0.078445
0 0.335659 0.639681 0.058834 0.078445
0 0.399126 0.637998 0.058834 0.078445
0 0.462593 0.636315 0.058834 0.078445
0 0.526059 0.634632 0.058834 0.078445
0 0.589526 0.632949 0.058834 0.078445
0 0.652993 0.631267 0.058834 0.078445
0 0.716460 0.629584 0.058834 0.078445
0 0.779926 0.627901 0.058834 0.078445
0 0.843393 0.626218 0.058834 0.078445
0 0.146627 0.729076 0.058834 0.078445
0 0.210094 0.727393 0.058834 0.078445
0 0.273561 0.725711 0.058834 0.078445
0 0.337027 0.724028 0.058834 0.078445
0 0.400494 0.722345 0.058834 0.078445
0 0.463961 0.720662 0.058834 0.078445
0 0.527428 0.718979 0.058834 0.078445
0 0.590894 0.717297 0.058834 0.078445
0 0.654361 0.715614 0.058834 0.078445
0 0.717828 0.713931 0.058834 0.078445
0 0.781295 0.712248 0.058834 0.078445
0 0.844761 0.710565 0.058834 0.078445
0 0.147995 0.813423 0.058834 0.078445
0 0.211462 0.811741 0.058834 0.078445
0 0.274929 0.810058 0.058834 0.078445
0 0.338396 0.808375 0.058834 0.078445
0 0.401862 0.806692 0.058834 0.078445
0 0.465329 0.805009 0.058834 0.078445
0 0.528796 0.803326 0.058834 0.078445
0 0.592263 0.801644 0.058834 0.078445
0 0.655729 0.799961 0.058834 0.078445
0 0.719196 0.798278 0.058834 0.078445
0 0.782663 0.796595 0.058834 0.078445
0 0.846130 0.794912 0.058834 0.078445
