0 0.123643 0.137573 0.070020 0.093360
0 0.198331 0.140457 0.070020 0.093360
0 0.273018 0.143341 0.070020 0.093360
0 0.347705 0.146225 0.070020 0.093360
0 0.422392 0.149108 0.070020 0.093360
0 0.497079 0.151992 0.070020 0.093360
0 0.571766 0.154876 0.070020 0.093360
0 0.646453 0.157760 0.070020 0.093360
0 0.721140 0.160643 0.070020 0.093360
0 0.795827 0.163527 0.070020 0.093360
0 0.120716 0.236950 0.070020 0.093360
0 0.195403 0.239833 0.070020 0.093360
0 0.270090 0.242717 0.070020 0.093360
0 0.344777 0.245601 0.070020 0.093360
0 0.419464 0.248485 0.070020 0.093360
0 0.494151 0.251368 0.070020 0.093360
0 0.568838 0.254252 0.070020 0.093360
0 0.643525 0.257136 0.070020 0.093360
0 0.718212 0.260020 0.070020 0.093360
0 0.792899 0.262903 0.070020 0.093360
0 0.117788 0.336326 0.070020 0.093360
0 0.192475 0.339209 0.070020 0.093360
0 0.267162 0.342093 0.070020 0.093360
0 0.341849 0.344977 0.070020 0.093360
0 0.416536 0.347861 0.070020 0.093360
0 0.491223 0.350744 0.070020 0.093360
0 0.565910 0.353628 0.070020 0.093360
0 0.640597 0.356512 0.070020 0.093360
0 0.715284 0.359396 0.070020 0.093360
0 0.789971 0.362279 0.070020 0.093360
0 0.114860 0.435702 0.070020 0.093360
0 0.189547 0.438586 0.070020 0.093360
0 0.264234 0.441469 0.070020 0.093360
0 0.338921 0.444353 0.070020 0.093360
0 0.413608 0.447237 0.070020 0.093360
0 0.488295 0.450121 0.070020 0.093360
0 0.562982 0.453004 0.070020 0.093360
0 0.637669 0.455888 0.070020 0.093360
0 0.712357 0.458772 0.070020 0.093360
0 0.787044 0.461656 0.070020 0.093360
0 0.111932 0.535078 0.070020 0.093360
0 0.186619 0.537962 0.070020 0.093360
0 0.261306 0.540846 0.070020 0.093360
0 0.335994 0.543729 0.070020 0.093360
0 0.410681 0.546613 0.070020 0.093360
0 0.485368 0.549497 0.070020 0.093360
0 0.560055 0.552381 0.070020 0.093360
0 0.634742 0.555264 0.070020 0.093360
0 0.709429 0.558148 0.070020 0.093360
0 0.784116 0.561032 0.070020 0.093360
0 0.109005 0.634454 0.070020 0.093360
0 0.183692 0.637338 0.070020 0.093360
0 0.258379 0.640222 0.070020 0.093360
0 0.333066 0.643105 0.070020 0.093360
0 0.407753 0.645989 0.070020 0.093360
0 0.482440 0.648873 0.070020 0.093360
0 0.557127 0.651757 0.070020 0.093360
0 0.631814 0.654640 0.070020 0.093360
0 0.706501 0.657524 0.070020 0.093360
0 0.781188 0.660408 0.070020 0.093360
0 0.106077 0.733830 0.070020 0.093360
0 0.180764 0.736714 0.070020 0.093360
0 0.255451 0.739598 0.070020 0.093360
0 0.330138 0.742482 0.070020 0.093360
0 0.404825 0.745365 0.070020 0.093360
0 0.479512 0.748249 0.070020 0.093360
0 0.554199 0.751133 0.070020 0.093360
0 0.628886 0.754017 0.070020 0.093360
0 0.703573 0.756900 0.070020 0.093360
0 0.778260 0.759784 0.070020 0.093360
0 0.103149 0.833207 0.070020 0.093360
0 0.177836 0.836090 0.070020 0.093360
0 0.252523 0.838974 0.070020 0.093360
0 0.327210 0.841858 0.070020 0.093360
0 0.401897 0.844742 0.070020 0.093360
0 0.476584 0.847625 0.070020 0.093360
0 0.551271 0.850509 0.070020 0.093360
0 0.625958 0.853393 0.070020 0.093360
0 0.700645 0.856276 0.070020 0.093360
0 0.775332 0.859160 0.070020 0.093360
