0 0.153521 0.288082 0.059196 0.078928
0 0.217598 0.286776 0.059196 0.078928
0 0.281674 0.285470 0.059196 0.078928
0 0.345750 0.284165 0.059196 0.078928
0 0.409826 0.282859 0.059196 0.078928
0 0.473902 0.281553 0.059196 0.078928
0 0.537978 0.280247 0.059196 0.078928
0 0.602055 0.278942 0.059196 0.078928
0 0.666131 0.277636 0.059196 0.078928
0 0.730207 0.276330 0.059196 0.078928
0 0.794283 0.275024 0.059196 0.078928
0 0.858359 0.273719 0.059196 0.078928
0 0.155600 0.373684 0.059196 0.078928
0 0.219676 0.372378 0.059196 0.078928
0 0.283752 0.371072 0.059196 0.078928
0 0.347828 0.369766 0.059196 0.078928
0 0.411904 0.368461 0.059196 0.078928
0 0.475980 0.367155 0.059196 0.078928
0 0.540057 0.365849 0.059196 0.078928
0 0.604133 0.364543 0.059196 0.078928
0 0.668209 0.363238 0.059196 0.078928
0 0.732285 0.361932 0.059196 0.078928
0 0.796361 0.360626 0.059196 0.078928
0 0.860437 0.359320 0.059196 0.078928
0 0.157678 0.459285 0.059196 0.078928
0 0.221754 0.457979 0.059196 0.078928
0 0.285830 0.456674 0.059196 0.078928
0 0.349906 0.455368 0.059196 0.078928
0 0.413982 0.454062 0.059196 0.078928
0 0.478059 0.452756 0.059196 0.078928
0 0.542135 0.451451 0.059196 0.078928
0 0.606211 0.450145 0.059196 0.078928
0 0.670287 0.448839 0.059196 0.078928
0 0.734363 0.447533 0.059196 0.078928
0 0.798439 0.446228 0.059196 0.078928
0 0.862515 0.444922 0.059196 0.078928
0 0.159756 0.544887 0.059196 0.078928
0 0.223832 0.543581 0.059196 0.078928
0 0.287908 0.542275 0.059196 0.078928
0 0.351984 0.540970 0.059196 0.078928
0 0.416061 0.539664 0.059196 0.078928
0 0.480137 0.538358 0.059196 0.078928
0 0.544213 0.537052 0.059196 0.078928
0 0.608289 0.535747 0.059196 0.078928
0 0.672365 0.534441 0.059196 0.078928
0 0.736441 0.533135 0.059196 0.078928
0 0.800517 0.531829 0.059196 0.078928
0 0.864594 0.530524 0.059196 0.078928
0 0.161834 0.630489 0.059196 0.078928
0 0.225910 0.629183 0.059196 0.078928
0 0.289986 0.627877 0.059196 0.078928
0 0.354063 0.626571 0.059196 0.078928
0 0.418139 0.625265 0.059196 0.078928
0 0.482215 0.623960 0.059196 0.078928
0 0.546291 0.622654 0.059196 0.078928
0 0.610367 0.621348 0.059196 0.078928
0 0.674443 0.620042 0.059196 0.078928
0 0.738519 0.618737 0.059196 0.078928
0 0.802596 0.617431 0.059196 0.078928
0 0.866672 0.616125 0.059196 0.078928
0 0.163912 0.716090 0.059196 0.078928
0 0.227988 0.714784 0.059196 0.078928
0 0.292064 0.713479 0.059196 0.078928
0 0.356141 0.712173 0.059196 0.078928
0 0.420217 0.710867 0.059196 0.078928
0 0.484293 0.709561 0.059196 0.078928
0 0.548369 0.708256 0.059196 0.078928
0 0.612445 0.706950 0.059196 0.078928
0 0.676521 0.705644 0.059196 0.078928
0 0.740598 0.704338 0.059196 0.078928
0 0.804674 0.703033 0.059196 0.078928
0 0.868750 0.701727 0.059196 0.078928
0 0.165990 0.801692 0.059196 0.078928
0 0.230066 0.800386 0.059196 0.078928
0 0.294143 0.799080 0.059196 0.078928
0 0.358219 0.797774 0.059196 0.078928
0 0.422295 0.796469 0.059196 0.078928
0 0.486371 0.795163 0.059196 0.078928
0 0.550447 0.793857 0.059196 0.078928
0 0.614523 0.792551 0.059196 0.078928
0 0.678600 0.791246 0.059196 0.078928
0 0.742676 0.789940 0.059196 0.078928
0 0.806752 0.788634 0.059196 0.078928
0 0.870828 0.787328 0.059196 0.078928
0 0.168068 0.887293 0.059196 0.078928
0 0.232145 0.885988 0.059196 0.078928
0 0.296221 0.884682 0.059196 0.078928
0 0.360297 0.883376 0.059196 0.078928
0 0.424373 0.882070 0.059196 0.078928
0 0.488449 0.880765 0.059196 0.078928
0 0.552525 0.879459 0.059196 0.078928
0 0.616602 0.878153 0.059196 0.078928
0 0.680678 0.876847 0.059196 0.078928
0 0.744754 0.875542 0.059196 0.078928
0 0.808830 0.874236 0.059196 0.078928
0 0.872906 0.872930 0.059196 0.078928
