0 0.259603 0.042605 0.068395 0.085210
0 0.337702 0.045144 0.068395 0.090287
0 0.415801 0.049767 0.068395 0.091194
0 0.493900 0.054845 0.068395 0.091194
0 0.571999 0.059922 0.068395 0.091194
0 0.650098 0.064999 0.068395 0.091194
0 0.728197 0.070076 0.068395 0.091194
0 0.806296 0.075153 0.068395 0.091194
0 0.884395 0.080231 0.068395 0.091194
0 0.962494 0.085308 0.068395 0.091194
0 0.256912 0.141857 0.068395 0.091194
0 0.335011 0.146934 0.068395 0.091194
0 0.413110 0.152011 0.068395 0.091194
0 0.491209 0.157089 0.068395 0.091194
0 0.569308 0.162166 0.068395 0.091194
0 0.647407 0.167243 0.068395 0.091194
0 0.725506 0.172320 0.068395 0.091194
0 0.803605 0.177398 0.068395 0.091194
0 0.881704 0.182475 0.068395 0.091194
0 0.959803 0.187552 0.068395 0.091194
0 0.254221 0.244101 0.068395 0.091194
0 0.332320 0.249178 0.068395 0.091194
0 0.410419 0.254256 0.068395 0.091194
0 0.488518 0.259333 0.068395 0.091194
0 0.566617 0.264410 0.068395 0.091194
0 0.644716 0.269487 0.068395 0.091194
0 0.722815 0.274565 0.068395 0.091194
0 0.800914 0.279642 0.068395 0.091194
0 0.879013 0.284719 0.068395 0.091194
0 0.957112 0.289796 0.068395 0.091194
0 0.251530 0.346345 0.068395 0.091194
0 0.329629 0.351423 0.068395 0.091194
0 0.407728 0.356500 0.068395 0.091194
0 0.485827 0.361577 0.068395 0.091194
0 0.563926 0.366654 0.068395 0.091194
0 0.642025 0.371731 0.068395 0.091194
0 0.720124 0.376809 0.068395 0.091194
0 0.798223 0.381886 0.068395 0.091194
0 0.876322 0.386963 0.068395 0.091194
0 0.954421 0.392040 0.068395 0.091194
0 0.248839 0.448589 0.068395 0.091194
0 0.326938 0.453667 0.068395 0.091194
0 0.405037 0.458744 0.068395 0.091194
0 0.483136 0.463821 0.068395 0.091194
0 0.561235 0.468898 0.068395 0.091194
0 0.639334 0.473976 0.068395 0.091194
0 0.717433 0.479053 0.068395 0.091194
0 0.795532 0.484130 0.068395 0.091194
0 0.873631 0.489207 0.068395 0.091194
0 0.951730 0.494284 0.068395 0.091194
0 0.246148 0.550834 0.068395 0.091194
0 0.324247 0.555911 0.068395 0.091194
0 0.402346 0.560988 0.068395 0.091194
0 0.480445 0.566065 0.068395 0.091194
0 0.558544 0.571143 0.068395 0.091194
0 0.636643 0.576220 0.068395 0.091194
0 0.714742 0.581297 0.068395 0.091194
0 0.792841 0.586374 0.068395 0.091194
0 0.870940 0.591451 0.068395 0.091194
0 0.949039 0.596529 0.068395 0.091194
0 0.243457 0.653078 0.068395 0.091194
0 0.321556 0.658155 0.068395 0.091194
0 0.399655 0.663232 0.068395 0.091194
0 0.477754 0.668309 0.068395 0.091194
0 0.555853 0.673387 0.068395 0.091194
0 0.633952 0.678464 0.068395 0.091194
0 0.712051 0.683541 0.068395 0.091194
0 0.790150 0.688618 0.068395 0.091194
0 0.868249 0.693696 0.068395 0.091194
0 0.946348 0.698773 0.068395 0.091194
0 0.240766 0.755322 0.068395 0.091194
0 0.318865 0.760399 0.068395 0.091194
0 0.396964 0.765476 0.068395 0.091194
0 0.475063 0.770554 0.068395 0.091194
0 0.553162 0.775631 0.068395 0.091194
0 0.631261 0.780708 0.068395 0.091194
0 0.709360 0.785785 0.068395 0.091194
0 0.787459 0.790862 0.068395 0.091194
0 0.865558 0.795940 0.068395 0.091194
0 0.943657 0.801017 0.068395 0.091194
