0 0.115568 0.218339 0.064606 0.086141
0 0.192261 0.220178 0.064606 0.086141
0 0.268954 0.222017 0.064606 0.086141
0 0.345648 0.223856 0.064606 0.086141
0 0.422341 0.225695 0.064606 0.086141
0 0.499034 0.227534 0.064606 0.086141
0 0.575728 0.229373 0.064606 0.086141
0 0.652421 0.231212 0.064606 0.086141
0 0.729114 0.233051 0.064606 0.086141
0 0.805808 0.234890 0.064606 0.086141
0 0.882501 0.236729 0.064606 0.086141
0 0.112257 0.322199 0.064606 0.086141
0 0.188950 0.324038 0.064606 0.086141
0 0.265643 0.325877 0.064606 0.086141
0 0.342337 0.327716 0.064606 0.086141
0 0.419030 0.329555 0.064606 0.086141
0 0.495723 0.331394 0.064606 0.086141
0 0.572417 0.333233 0.064606 0.086141
0 0.649110 0.335072 0.064606 0.086141
0 0.725803 0.336911 0.064606 0.086141
0 0.802497 0.338750 0.064606 0.086141
0 0.879190 0.340589 0.064606 0.086141
0 0.108946 0.426059 0.064606 0.086141
0 0.185639 0.427898 0.064606 0.086141
0 0.262333 0.429737 0.064606 0.086141
0 0.339026 0.431576 0.064606 0.086141
0 0.415719 0.433415 0.064606 0.086141
0 0.492413 0.435254 0.064606 0.086141
0 0.569106 0.437093 0.064606 0.086141
0 0.645799 0.438932 0.064606 0.086141
0 0.722493 0.440771 0.064606 0.086141
0 0.799186 0.442610 0.064606 0.086141
0 0.875879 0.444449 0.064606 0.086141
0 0.105635 0.529919 0.064606 0.086141
0 0.182329 0.531758 0.064606 0.086141
0 0.259022 0.533597 0.064606 0.086141
0 0.335715 0.535436 0.064606 0.086141
0 0.412409 0.537275 0.064606 0.086141
0 0.489102 0.539114 0.064606 0.086141
0 0.565795 0.540953 0.064606 0.086141
0 0.642489 0.542792 0.064606 0.086141
0 0.719182 0.544631 0.064606 0.086141
0 0.795875 0.546470 0.064606 0.086141
0 0.872569 0.548309 0.064606 0.086141
0 0.102325 0.633779 0.064606 0.086141
0 0.179018 0.635618 0.064606 0.086141
0 0.255711 0.637457 0.064606 0.086141
0 0.332405 0.639296 0.064606 0.086141
0 0.409098 0.641135 0.064606 0.086141
0 0.485791 0.642974 0.064606 0.086141
0 0.562485 0.644813 0.064606 0.086141
0 0.639178 0.646652 0.064606 0.086141
0 0.715871 0.648491 0.064606 0.086141
0 0.792565 0.650330 0.064606 0.086141
0 0.869258 0.652169 0.064606 0.086141
0 0.099014 0.737639 0.064606 0.086141
0 0.175707 0.739478 0.064606 0.086141
0 0.252401 0.741317 0.064606 0.086141
0 0.329094 0.743156 0.064606 0.086141
0 0.405787 0.744995 0.064606 0.086141
0 0.482481 0.746834 0.064606 0.086141
0 0.559174 0.748673 0.064606 0.086141
0 0.635867 0.750512 0.064606 0.086141
0 0.712561 0.752351 0.064606 0.086141
0 0.789254 0.754190 0.064606 0.086141
0 0.865947 0.756029 0.064606 0.086141
0 0.095703 0.841500 0.064606 0.086141
0 0.172396 0.843339 0.064606 0.086141
0 0.249090 0.845178 0.064606 0.086141
0 0.325783 0.847016 0.064606 0.086141
0 0.402476 0.848855 0.064606 0.086141
0 0.479170 0.850694 0.064606 0.086141
0 0.555863 0.852533 0.064606 0.086141
0 0.632556 0.854372 0.064606 0.086141
0 0.709250 0.856211 0.064606 0.086141
0 0.785943 0.858050 0.064606 0.086141
0 0.862636 0.859889 0.064606 0.086141
0 0.092392 0.945360 0.064606 0.086141
0 0.169086 0.947199 0.064606 0.086141
0 0.245779 0.949038 0.064606 0.086141
0 0.322472 0.950877 0.064606 0.086141
0 0.399166 0.952716 0.064606 0.086141
0 0.475859 0.954555 0.064606 0.086141
0 0.552552 0.956010 0.064606 0.085375
0 0.629246 0.956930 0.064606 0.083536
0 0.705939 0.957849 0.064606 0.081697
0 0.782632 0.958769 0.064606 0.079858
0 0.859326 0.959688 0.064606 0.078019
