0 0.138385 0.131802 0.062469 0.096049
0 0.205972 0.134633 0.062469 0.096049
0 0.273560 0.137465 0.062469 0.096049
0 0.341147 0.140296 0.062469 0.096049
0 0.408735 0.143127 0.062469 0.096049
0 0.476322 0.145958 0.062469 0.096049
0 0.543909 0.148789 0.062469 0.096049
0 0.611497 0.151620 0.062469 0.096049
0 0.679084 0.154452 0.062469 0.096049
0 0.746672 0.157283 0.062469 0.096049
0 0.136543 0.235831 0.062469 0.096049
0 0.204130 0.238662 0.062469 0.096049
0 0.271718 0.241493 0.062469 0.096049
0 0.339305 0.244324 0.062469 0.096049
0 0.406893 0.247155 0.062469 0.096049
0 0.474480 0.249987 0.062469 0.096049
0 0.542067 0.252818 0.062469 0.096049
0 0.609655 0.255649 0.062469 0.096049
0 0.677242 0.258480 0.062469 0.096049
0 0.744830 0.261311 0.062469 0.096049
0 0.134701 0.339859 0.062469 0.096049
0 0.202288 0.342690 0.062469 0.096049
0 0.269876 0.345522 0.062469 0.096049
0 0.337463 0.348353 0.062469 0.096049
0 0.405051 0.351184 0.062469 0.096049
0 0.472638 0.354015 0.062469 0.096049
0 0.540226 0.356846 0.062469 0.096049
0 0.607813 0.359677 0.062469 0.096049
0 0.675400 0.362509 0.062469 0.096049
0 0.742988 0.365340 0.062469 0.096049
0 0.132859 0.443888 0.062469 0.096049
0 0.200446 0.446719 0.062469 0.096049
0 0.268034 0.449550 0.062469 0.096049
0 0.335621 0.452381 0.062469 0.096049
0 0.403209 0.455212 0.062469 0.096049
0 0.470796 0.458043 0.062469 0.096049
0 0.538384 0.460875 0.062469 0.096049
0 0.605971 0.463706 0.062469 0.096049
0 0.673558 0.466537 0.062469 0.096049
0 0.741146 0.469368 0.062469 0.096049
0 0.131017 0.547916 0.062469 0.096049
0 0.198605 0.550747 0.062469 0.096049
0 0.266192 0.553578 0.062469 0.096049
0 0.333779 0.556410 0.062469 0.096049
0 0.401367 0.559241 0.062469 0.096049
0 0.468954 0.562072 0.062469 0.096049
0 0.536542 0.564903 0.062469 0.096049
0 0.604129 0.567734 0.062469 0.096049
0 0.671717 0.570565 0.062469 0.096049
0 0.739304 0.573397 0.062469 0.096049
0 0.129175 0.651945 0.062469 0.096049
0 0.196763 0.654776 0.062469 0.096049
0 0.264350 0.657607 0.062469 0.096049
0 0.331937 0.660438 0.062469 0.096049
0 0.399525 0.663269 0.062469 0.096049
0 0.467112 0.666100 0.062469 0.096049
0 0.534700 0.668932 0.062469 0.096049
0 0.602287 0.671763 0.062469 0.096049
0 0.669875 0.674594 0.062469 0.096049
0 0.737462 0.677425 0.062469 0.096049
0 0.127333 0.755973 0.062469 0.096049
0 0.194921 0.758804 0.062469 0.096049
0 0.262508 0.761635 0.062469 0.096049
0 0.330096 0.764467 0.062469 0.096049
0 0.397683 0.767298 0.062469 0.096049
0 0.465270 0.770129 0.062469 0.096049
0 0.532858 0.772960 0.062469 0.096049
0 0.600445 0.775791 0.062469 0.096049
0 0.668033 0.778622 0.062469 0.096049
0 0.735620 0.781454 0.062469 0.096049
0 0.125491 0.860002 0.062469 0.096049
0 0.193079 0.862833 0.062469 0.096049
0 0.260666 0.865664 0.062469 0.096049
0 0.328254 0.868495 0.062469 0.096049
0 0.395841 0.871326 0.062469 0.096049
0 0.463429 0.874157 0.062469 0.096049
0 0.531016 0.876989 0.062469 0.096049
0 0.598603 0.879820 0.062469 0.096049
0 0.666191 0.882651 0.062469 0.096049
0 0.733778 0.885482 0.062469 0.096049
