0 0.168978 0.293959 0.057340 0.076454
0 0.230473 0.290130 0.057340 0.076454
0 0.291967 0.286301 0.057340 0.076454
0 0.353461 0.282471 0.057340 0.076454
0 0.414955 0.278642 0.057340 0.076454
0 0.476450 0.274813 0.057340 0.076454
0 0.537944 0.270984 0.057340 0.076454
0 0.599438 0.267154 0.057340 0.076454
0 0.660933 0.263325 0.057340 0.076454
0 0.722427 0.259496 0.057340 0.076454
0 0.783921 0.255667 0.057340 0.076454
0 0.845416 0.251838 0.057340 0.076454
0 0.171958 0.376092 0.057340 0.076454
0 0.233453 0.372263 0.057340 0.076454
0 0.294947 0.368434 0.057340 0.076454
0 0.356441 0.364605 0.057340 0.076454
0 0.417936 0.360775 0.057340 0.076454
0 0.479430 0.356946 0.057340 0.076454
0 0.540924 0.353117 0.057340 0.076454
0 0.602419 0.349288 0.057340 0.076454
0 0.663913 0.345459 0.057340 0.076454
0 0.725407 0.341629 0.057340 0.076454
0 0.786901 0.337800 0.057340 0.076454
0 0.848396 0.333971 0.057340 0.076454
0 0.174939 0.458226 0.057340 0.076454
0 0.236433 0.454396 0.057340 0.076454
0 0.297927 0.450567 0.057340 0.076454
0 0.359422 0.446738 0.057340 0.076454
0 0.420916 0.442909 0.057340 0.076454
0 0.482410 0.439080 0.057340 0.076454
0 0.543904 0.435250 0.057340 0.076454
0 0.605399 0.431421 0.057340 0.076454
0 0.666893 0.427592 0.057340 0.076454
0 0.728387 0.423763 0.057340 0.076454
0 0.789882 0.419934 0.057340 0.076454
0 0.851376 0.416104 0.057340 0.076454
0 0.177919 0.540359 0.057340 0.076454
0 0.239413 0.536530 0.057340 0.076454
0 0.300907 0.532701 0.057340 0.076454
0 0.362402 0.528871 0.057340 0.076454
0 0.423896 0.525042 0.057340 0.076454
0 0.485390 0.521213 0.057340 0.076454
0 0.546885 0.517384 0.057340 0.076454
0 0.608379 0.513555 0.057340 0.076454
0 0.669873 0.509725 0.057340 0.076454
0 0.731368 0.505896 0.057340 0.076454
0 0.792862 0.502067 0.057340 0.076454
0 0.854356 0.498238 0.057340 0.076454
0 0.180899 0.622492 0.057340 0.076454
0 0.242393 0.618663 0.057340 0.076454
0 0.303888 0.614834 0.057340 0.076454
0 0.365382 0.611005 0.057340 0.076454
0 0.426876 0.607176 0.057340 0.076454
0 0.488371 0.603346 0.057340 0.076454
0 0.549865 0.599517 0.057340 0.076454
0 0.611359 0.595688 0.057340 0.076454
0 0.672853 0.591859 0.057340 0.076454
0 0.734348 0.588030 0.057340 0.076454
0 0.795842 0.584200 0.057340 0.076454
0 0.857336 0.580371 0.057340 0.076454
0 0.183879 0.704626 0.057340 0.076454
0 0.245374 0.700797 0.057340 0.076454
0 0.306868 0.696967 0.057340 0.076454
0 0.368362 0.693138 0.057340 0.076454
0 0.429856 0.689309 0.057340 0.076454
0 0.491351 0.685480 0.057340 0.076454
0 0.552845 0.681651 0.057340 0.076454
0 0.614339 0.677821 0.057340 0.076454
0 0.675834 0.673992 0.057340 0.076454
0 0.737328 0.670163 0.057340 0.076454
0 0.798822 0.666334 0.057340 0.076454
0 0.860317 0.662504 0.057340 0.076454
0 0.186859 0.786759 0.057340 0.076454
0 0.248354 0.782930 0.057340 0.076454
0 0.309848 0.779101 0.057340 0.076454
0 0.371342 0.775272 0.057340 0.076454
0 0.432837 0.771442 0.057340 0.076454
0 0.494331 0.767613 0.057340 0.076454
0 0.555825 0.763784 0.057340 0.076454
0 0.617320 0.759955 0.057340 0.076454
0 0.678814 0.756125 0.057340 0.076454
0 0.740308 0.752296 0.057340 0.076454
0 0.801802 0.748467 0.057340 0.076454
0 0.863297 0.744638 0.057340 0.076454
0 0.189840 0.868893 0.057340 0.076454
0 0.251334 0.865063 0.057340 0.076454
0 0.312828 0.861234 0.057340 0.076454
0 0.374323 0.857405 0.057340 0.076454
0 0.435817 0.853576 0.057340 0.076454
0 0.497311 0.849747 0.057340 0.076454
0 0.558805 0.845917 0.057340 0.076454
0 0.620300 0.842088 0.057340 0.076454
0 0.681794 0.838259 0.057340 0.076454
0 0.743288 0.834430 0.057340 0.076454
0 0.804783 0.830600 0.057340 0.076454
0 0.866277 0.826771 0.057340 0.076454
