0 0.174367 0.271142 0.057340 0.076454
0 0.235942 0.271609 0.057340 0.076454
0 0.297516 0.272077 0.057340 0.076454
0 0.359090 0.272544 0.057340 0.076454
0 0.420665 0.273011 0.057340 0.076454
0 0.482239 0.273478 0.057340 0.076454
0 0.543814 0.273945 0.057340 0.076454
0 0.605388 0.274412 0.057340 0.076454
0 0.666963 0.274880 0.057340 0.076454
0 0.728537 0.275347 0.057340 0.076454
0 0.790111 0.275814 0.057340 0.076454
0 0.851686 0.276281 0.057340 0.076454
0 0.173194 0.353371 0.057340 0.076454
0 0.234769 0.353838 0.057340 0.076454
0 0.296343 0.354305 0.057340 0.076454
0 0.357918 0.354773 0.057340 0.076454
0 0.419492 0.355240 0.057340 0.076454
0 0.481067 0.355707 0.057340 0.076454
0 0.542641 0.356174 0.057340 0.076454
0 0.604215 0.356641 0.057340 0.076454
0 0.665790 0.357108 0.057340 0.076454
0 0.727364 0.357576 0.057340 0.076454
0 0.788939 0.358043 0.057340 0.076454
0 0.850513 0.358510 0.057340 0.076454
0 0.172022 0.435600 0.057340 0.076454
0 0.233596 0.436067 0.057340 0.076454
0 0.295171 0.436534 0.057340 0.076454
0 0.356745 0.437001 0.057340 0.076454
0 0.418319 0.437468 0.057340 0.076454
0 0.479894 0.437936 0.057340 0.076454
0 0.541468 0.438403 0.057340 0.076454
0 0.603043 0.438870 0.057340 0.076454
0 0.664617 0.439337 0.057340 0.076454
0 0.726191 0.439804 0.057340 0.076454
0 0.787766 0.440272 0.057340 0.076454
0 0.849340 0.440739 0.057340 0.076454
0 0.170849 0.517829 0.057340 0.076454
0 0.232423 0.518296 0.057340 0.076454
0 0.293998 0.518763 0.057340 0.076454
0 0.355572 0.519230 0.057340 0.076454
0 0.417147 0.519697 0.057340 0.076454
0 0.478721 0.520164 0.057340 0.076454
0 0.540295 0.520632 0.057340 0.076454
0 0.601870 0.521099 0.057340 0.076454
0 0.663444 0.521566 0.057340 0.076454
0 0.725019 0.522033 0.057340 0.076454
0 0.786593 0.522500 0.057340 0.076454
0 0.848168 0.522968 0.057340 0.076454
0 0.169676 0.600057 0.057340 0.076454
0 0.231251 0.600524 0.057340 0.076454
0 0.292825 0.600992 0.057340 0.076454
0 0.354400 0.601459 0.057340 0.076454
0 0.415974 0.601926 0.057340 0.076454
0 0.477548 0.602393 0.057340 0.076454
0 0.539123 0.602860 0.057340 0.076454
0 0.600697 0.603328 0.057340 0.076454
0 0.662272 0.603795 0.057340 0.076454
0 0.723846 0.604262 0.057340 0.076454
0 0.785420 0.604729 0.057340 0.076454
0 0.846995 0.605196 0.057340 0.076454
0 0.168504 0.682286 0.057340 0.076454
0 0.230078 0.682753 0.057340 0.076454
0 0.291652 0.683220 0.057340 0.076454
0 0.353227 0.683688 0.057340 0.076454
0 0.414801 0.684155 0.057340 0.076454
0 0.476376 0.684622 0.057340 0.076454
0 0.537950 0.685089 0.057340 0.076454
0 0.599524 0.685556 0.057340 0.076454
0 0.661099 0.686024 0.057340 0.076454
0 0.722673 0.686491 0.057340 0.076454
0 0.784248 0.686958 0.057340 0.076454
0 0.845822 0.687425 0.057340 0.076454
0 0.167331 0.764515 0.057340 0.076454
0 0.228905 0.764982 0.057340 0.076454
0 0.290480 0.765449 0.057340 0.076454
0 0.352054 0.765916 0.057340 0.076454
0 0.413628 0.766384 0.057340 0.076454
0 0.475203 0.766851 0.057340 0.076454
0 0.536777 0.767318 0.057340 0.076454
0 0.598352 0.767785 0.057340 0.076454
0 0.659926 0.768252 0.057340 0.076454
0 0.721501 0.768720 0.057340 0.076454
0 0.783075 0.769187 0.057340 0.076454
0 0.844649 0.769654 0.057340 0.076454
0 0.166158 0.846744 0.057340 0.076454
0 0.227732 0.847211 0.057340 0.076454
0 0.289307 0.847678 0.057340 0.076454
0 0.350881 0.848145 0.057340 0.076454
0 0.412456 0.848612 0.057340 0.076454
0 0.474030 0.849080 0.057340 0.076454
0 0.535605 0.849547 0.057340 0.076454
0 0.597179 0.850014 0.057340 0.076454
0 0.658753 0.850481 0.057340 0.076454
0 0.720328 0.850948 0.057340 0.076454
0 0.781902 0.851415 0.057340 0.076454
0 0.843477 0.851883 0.057340 0.076454
