0 0.125211 0.168449 0.062469 0.096049
0 0.192759 0.164569 0.062469 0.096049
0 0.260308 0.160688 0.062469 0.096049
0 0.327857 0.156807 0.062469 0.096049
0 0.395406 0.152926 0.062469 0.096049
0 0.462954 0.149045 0.062469 0.096049
0 0.530503 0.145165 0.062469 0.096049
0 0.598052 0.141284 0.062469 0.096049
0 0.665601 0.137403 0.062469 0.096049
0 0.733149 0.133522 0.062469 0.096049
0 0.128754 0.272444 0.062469 0.096049
0 0.196303 0.268563 0.062469 0.096049
0 0.263851 0.264682 0.062469 0.096049
0 0.331400 0.260801 0.062469 0.096049
0 0.398949 0.256921 0.062469 0.096049
0 0.466498 0.253040 0.062469 0.096049
0 0.534046 0.249159 0.062469 0.096049
0 0.601595 0.245278 0.062469 0.096049
0 0.669144 0.241397 0.062469 0.096049
0 0.736693 0.237517 0.062469 0.096049
0 0.132297 0.376438 0.062469 0.096049
0 0.199846 0.372557 0.062469 0.096049
0 0.267395 0.368677 0.062469 0.096049
0 0.334943 0.364796 0.062469 0.096049
0 0.402492 0.360915 0.062469 0.096049
0 0.470041 0.357034 0.062469 0.096049
0 0.537590 0.353153 0.062469 0.096049
0 0.605138 0.349273 0.062469 0.096049
0 0.672687 0.345392 0.062469 0.096049
0 0.740236 0.341511 0.062469 0.096049
0 0.135840 0.480433 0.062469 0.096049
0 0.203389 0.476552 0.062469 0.096049
0 0.270938 0.472671 0.062469 0.096049
0 0.338487 0.468790 0.062469 0.096049
0 0.406035 0.464909 0.062469 0.096049
0 0.473584 0.461029 0.062469 0.096049
0 0.541133 0.457148 0.062469 0.096049
0 0.608682 0.453267 0.062469 0.096049
0 0.676230 0.449386 0.062469 0.096049
0 0.743779 0.445505 0.062469 0.096049
0 0.139384 0.584427 0.062469 0.096049
0 0.206932 0.580546 0.062469 0.096049
0 0.274481 0.576665 0.062469 0.096049
0 0.342030 0.572785 0.062469 0.096049
0 0.409579 0.568904 0.062469 0.096049
0 0.477127 0.565023 0.062469 0.096049
0 0.544676 0.561142 0.062469 0.096049
0 0.612225 0.557261 0.062469 0.096049
0 0.679774 0.553380 0.062469 0.096049
0 0.747322 0.549500 0.062469 0.096049
0 0.142927 0.688421 0.062469 0.096049
0 0.210476 0.684541 0.062469 0.096049
0 0.278024 0.680660 0.062469 0.096049
0 0.345573 0.676779 0.062469 0.096049
0 0.413122 0.672898 0.062469 0.096049
0 0.480671 0.669017 0.062469 0.096049
0 0.548219 0.665137 0.062469 0.096049
0 0.615768 0.661256 0.062469 0.096049
0 0.683317 0.657375 0.062469 0.096049
0 0.750866 0.653494 0.062469 0.096049
0 0.146470 0.792416 0.062469 0.096049
0 0.214019 0.788535 0.062469 0.096049
0 0.281568 0.784654 0.062469 0.096049
0 0.349116 0.780773 0.062469 0.096049
0 0.416665 0.776893 0.062469 0.096049
0 0.484214 0.773012 0.062469 0.096049
0 0.551763 0.769131 0.062469 0.096049
0 0.619311 0.765250 0.062469 0.096049
0 0.686860 0.761369 0.062469 0.096049
0 0.754409 0.757488 0.062469 0.096049
0 0.150013 0.896410 0.062469 0.096049
0 0.217562 0.892529 0.062469 0.096049
0 0.285111 0.888649 0.062469 0.096049
0 0.352660 0.884768 0.062469 0.096049
0 0.420208 0.880887 0.062469 0.096049
0 0.487757 0.877006 0.062469 0.096049
0 0.555306 0.873125 0.062469 0.096049
0 0.622855 0.869244 0.062469 0.096049
0 0.690403 0.865364 0.062469 0.096049
0 0.757952 0.861483 0.062469 0.096049
