0 0.161375 0.258442 0.059196 0.078928
0 0.225376 0.262652 0.059196 0.078928
0 0.289376 0.266862 0.059196 0.078928
0 0.353376 0.271072 0.059196 0.078928
0 0.417377 0.275281 0.059196 0.078928
0 0.481377 0.279491 0.059196 0.078928
0 0.545377 0.283701 0.059196 0.078928
0 0.609378 0.287911 0.059196 0.078928
0 0.673378 0.292121 0.059196 0.078928
0 0.737378 0.296330 0.059196 0.078928
0 0.801379 0.300540 0.059196 0.078928
0 0.865379 0.304750 0.059196 0.078928
0 0.158345 0.343961 0.059196 0.078928
0 0.222345 0.348171 0.059196 0.078928
0 0.286346 0.352381 0.059196 0.078928
0 0.350346 0.356591 0.059196 0.078928
0 0.414346 0.360801 0.059196 0.078928
0 0.478347 0.365010 0.059196 0.078928
0 0.542347 0.369220 0.059196 0.078928
0 0.606347 0.373430 0.059196 0.078928
0 0.670348 0.377640 0.059196 0.078928
0 0.734348 0.381850 0.059196 0.078928
0 0.798348 0.386059 0.059196 0.078928
0 0.862349 0.390269 0.059196 0.078928
0 0.155314 0.429480 0.059196 0.078928
0 0.219315 0.433690 0.059196 0.078928
0 0.283315 0.437900 0.059196 0.078928
0 0.347316 0.442110 0.059196 0.078928
0 0.411316 0.446320 0.059196 0.078928
0 0.475316 0.450529 0.059196 0.078928
0 0.539317 0.454739 0.059196 0.078928
0 0.603317 0.458949 0.059196 0.078928
0 0.667317 0.463159 0.059196 0.078928
0 0.731318 0.467369 0.059196 0.078928
0 0.795318 0.471579 0.059196 0.078928
0 0.859318 0.475788 0.059196 0.078928
0 0.152284 0.515000 0.059196 0.078928
0 0.216284 0.519209 0.059196 0.078928
0 0.280285 0.523419 0.059196 0.078928
0 0.344285 0.527629 0.059196 0.078928
0 0.408286 0.531839 0.059196 0.078928
0 0.472286 0.536049 0.059196 0.078928
0 0.536286 0.540258 0.059196 0.078928
0 0.600287 0.544468 0.059196 0.078928
0 0.664287 0.548678 0.059196 0.078928
0 0.728287 0.552888 0.059196 0.078928
0 0.792288 0.557098 0.059196 0.078928
0 0.856288 0.561307 0.059196 0.078928
0 0.149254 0.600519 0.059196 0.078928
0 0.213254 0.604729 0.059196 0.078928
0 0.277254 0.608938 0.059196 0.078928
0 0.341255 0.613148 0.059196 0.078928
0 0.405255 0.617358 0.059196 0.078928
0 0.469255 0.621568 0.059196 0.078928
0 0.533256 0.625778 0.059196 0.078928
0 0.597256 0.629987 0.059196 0.078928
0 0.661257 0.634197 0.059196 0.078928
0 0.725257 0.638407 0.059196 0.078928
0 0.789257 0.642617 0.059196 0.078928
0 0.853258 0.646827 0.059196 0.078928
0 0.146223 0.686038 0.059196 0.078928
0 0.210224 0.690248 0.059196 0.078928
0 0.274224 0.694457 0.059196 0.078928
0 0.338224 0.698667 0.059196 0.078928
0 0.402225 0.702877 0.059196 0.078928
0 0.466225 0.707087 0.059196 0.078928
0 0.530225 0.711297 0.059196 0.078928
0 0.594226 0.715507 0.059196 0.078928
0 0.658226 0.719716 0.059196 0.078928
0 0.722227 0.723926 0.059196 0.078928
0 0.786227 0.728136 0.059196 0.078928
0 0.850227 0.732346 0.059196 0.078928
0 0.143193 0.771557 0.059196 0.078928
0 0.207193 0.775767 0.059196 0.078928
0 0.271194 0.779977 0.059196 0.078928
0 0.335194 0.784186 0.059196 0.078928
0 0.399194 0.788396 0.059196 0.078928
0 0.463195 0.792606 0.059196 0.078928
0 0.527195 0.796816 0.059196 0.078928
0 0.591195 0.801026 0.059196 0.078928
0 0.655196 0.805235 0.059196 0.078928
0 0.719196 0.809445 0.059196 0.078928
0 0.783196 0.813655 0.059196 0.078928
0 0.847197 0.817865 0.059196 0.078928
0 0.140163 0.857076 0.059196 0.078928
0 0.204163 0.861286 0.059196 0.078928
0 0.268163 0.865496 0.059196 0.078928
0 0.332164 0.869706 0.059196 0.078928
0 0.396164 0.873915 0.059196 0.078928
0 0.460164 0.878125 0.059196 0.078928
0 0.524165 0.882335 0.059196 0.078928
0 0.588165 0.886545 0.059196 0.078928
0 0.652165 0.890755 0.059196 0.078928
0 0.716166 0.894964 0.059196 0.078928
0 0.780166 0.899174 0.059196 0.078928
0 0.844166 0.903384 0.059196 0.078928
