0 0.128283 0.156405 0.062469 0.096049
0 0.195887 0.154701 0.062469 0.096049
0 0.263490 0.152996 0.062469 0.096049
0 0.331094 0.151292 0.062469 0.096049
0 0.398697 0.149587 0.062469 0.096049
0 0.466300 0.147883 0.062469 0.096049
0 0.533904 0.146179 0.062469 0.096049
0 0.601507 0.144474 0.062469 0.096049
0 0.669111 0.142770 0.062469 0.096049
0 0.736714 0.141066 0.062469 0.096049
0 0.129394 0.260458 0.062469 0.096049
0 0.196998 0.258754 0.062469 0.096049
0 0.264601 0.257049 0.062469 0.096049
0 0.332205 0.255345 0.062469 0.096049
0 0.399808 0.253640 0.062469 0.096049
0 0.467412 0.251936 0.062469 0.096049
0 0.535015 0.250232 0.062469 0.096049
0 0.602618 0.248527 0.062469 0.096049
0 0.670222 0.246823 0.062469 0.096049
0 0.737825 0.245119 0.062469 0.096049
0 0.130506 0.364511 0.062469 0.096049
0 0.198109 0.362807 0.062469 0.096049
0 0.265712 0.361102 0.062469 0.096049
0 0.333316 0.359398 0.062469 0.096049
0 0.400919 0.357693 0.062469 0.096049
0 0.468523 0.355989 0.062469 0.096049
0 0.536126 0.354285 0.062469 0.096049
0 0.603729 0.352580 0.062469 0.096049
0 0.671333 0.350876 0.062469 0.096049
0 0.738936 0.349172 0.062469 0.096049
0 0.131617 0.468564 0.062469 0.096049
0 0.199220 0.466860 0.062469 0.096049
0 0.266823 0.465155 0.062469 0.096049
0 0.334427 0.463451 0.062469 0.096049
0 0.402030 0.461746 0.062469 0.096049
0 0.469634 0.460042 0.062469 0.096049
0 0.537237 0.458338 0.062469 0.096049
0 0.604841 0.456633 0.062469 0.096049
0 0.672444 0.454929 0.062469 0.096049
0 0.740047 0.453224 0.062469 0.096049
0 0.132728 0.572617 0.062469 0.096049
0 0.200331 0.570913 0.062469 0.096049
0 0.267935 0.569208 0.062469 0.096049
0 0.335538 0.567504 0.062469 0.096049
0 0.403141 0.565799 0.062469 0.096049
0 0.470745 0.564095 0.062469 0.096049
0 0.538348 0.562391 0.062469 0.096049
0 0.605952 0.560686 0.062469 0.096049
0 0.673555 0.558982 0.062469 0.096049
0 0.741158 0.557277 0.062469 0.096049
0 0.133839 0.676670 0.062469 0.096049
0 0.201442 0.674966 0.062469 0.096049
0 0.269046 0.673261 0.062469 0.096049
0 0.336649 0.671557 0.062469 0.096049
0 0.404252 0.669852 0.062469 0.096049
0 0.471856 0.668148 0.062469 0.096049
0 0.539459 0.666444 0.062469 0.096049
0 0.607063 0.664739 0.062469 0.096049
0 0.674666 0.663035 0.062469 0.096049
0 0.742270 0.661330 0.062469 0.096049
0 0.134950 0.780723 0.062469 0.096049
0 0.202553 0.779018 0.062469 0.096049
0 0.270157 0.777314 0.062469 0.096049
0 0.337760 0.775610 0.062469 0.096049
0 0.405364 0.773905 0.062469 0.096049
0 0.472967 0.772201 0.062469 0.096049
0 0.540570 0.770497 0.062469 0.096049
0 0.608174 0.768792 0.062469 0.096049
0 0.675777 0.767088 0.062469 0.096049
0 0.743381 0.765383 0.062469 0.096049
0 0.136061 0.884776 0.062469 0.096049
0 0.203664 0.883071 0.062469 0.096049
0 0.271268 0.881367 0.062469 0.096049
0 0.338871 0.879663 0.062469 0.096049
0 0.406475 0.877958 0.062469 0.096049
0 0.474078 0.876254 0.062469 0.096049
0 0.541681 0.874550 0.062469 0.096049
0 0.609285 0.872845 0.062469 0.096049
0 0.676888 0.871141 0.062469 0.096049
0 0.744492 0.869436 0.062469 0.096049
