0 0.135567 0.294971 0.060097 0.080130
0 0.201756 0.292512 0.060097 0.080130
0 0.267944 0.290052 0.060097 0.080130
0 0.334133 0.287593 0.060097 0.080130
0 0.400321 0.285134 0.060097 0.080130
0 0.466510 0.282675 0.060097 0.080130
0 0.532698 0.280216 0.060097 0.080130
0 0.136591 0.382802 0.060097 0.080130
0 0.202779 0.380343 0.060097 0.080130
0 0.268968 0.377883 0.060097 0.080130
0 0.335156 0.375424 0.060097 0.080130
0 0.401345 0.372965 0.060097 0.080130
0 0.467533 0.370506 0.060097 0.080130
0 0.533722 0.368047 0.060097 0.080130
0 0.137614 0.470633 0.060097 0.080130
0 0.203803 0.468174 0.060097 0.080130
0 0.269992 0.465714 0.060097 0.080130
0 0.336180 0.463255 0.060097 0.080130
0 0.402369 0.460796 0.060097 0.080130
0 0.468557 0.458337 0.060097 0.080130
0 0.534746 0.455878 0.060097 0.080130
0 0.138638 0.558464 0.060097 0.080130
0 0.204827 0.556005 0.060097 0.080130
0 0.271015 0.553545 0.060097 0.080130
0 0.337204 0.551086 0.060097 0.080130
0 0.403392 0.548627 0.060097 0.080130
0 0.469581 0.546168 0.060097 0.080130
0 0.535769 0.543709 0.060097 0.080130
0 0.139662 0.646295 0.060097 0.080130
0 0.205850 0.643836 0.060097 0.080130
0 0.272039 0.641377 0.060097 0.080130
0 0.338227 0.638917 0.060097 0.080130
0 0.404416 0.636458 0.060097 0.080130
0 0.470604 0.633999 0.060097 0.080130
0 0.536793 0.631540 0.060097 0.080130
0 0.140686 0.734126 0.060097 0.080130
0 0.206874 0.731667 0.060097 0.080130
0 0.273063 0.729208 0.060097 0.080130
0 0.339251 0.726748 0.060097 0.080130
0 0.405440 0.724289 0.060097 0.080130
0 0.471628 0.721830 0.060097 0.080130
0 0.537817 0.719371 0.060097 0.080130
0 0.141709 0.821957 0.060097 0.080130
0 0.207898 0.819498 0.060097 0.080130
0 0.274086 0.817039 0.060097 0.080130
0 0.340275 0.814579 0.060097 0.080130
0 0.406463 0.812120 0.060097 0.080130
0 0.472652 0.809661 0.060097 0.080130
0 0.538840 0.807202 0.060097 0.080130
0 0.142733 0.909788 0.060097 0.080130
0 0.208921 0.907329 0.060097 0.080130
0 0.275110 0.904870 0.060097 0.080130
0 0.341299 0.902410 0.060097 0.080130
0 0.407487 0.899951 0.060097 0.080130
0 0.473676 0.897492 0.060097 0.080130
0 0.539864 0.895033 0.060097 0.080130
