0 0.112662 0.291409 0.057632 0.076868
0 0.175518 0.288284 0.057632 0.076868
0 0.238374 0.285159 0.057632 0.076868
0 0.301230 0.282034 0.057632 0.076868
0 0.364086 0.278908 0.057632 0.076868
0 0.426942 0.275783 0.057632 0.076868
0 0.489799 0.272658 0.057632 0.076868
0 0.552655 0.269533 0.057632 0.076868
0 0.615511 0.266407 0.057632 0.076868
0 0.678367 0.263282 0.057632 0.076868
0 0.741223 0.260157 0.057632 0.076868
0 0.114225 0.375068 0.057632 0.076868
0 0.177081 0.371943 0.057632 0.076868
0 0.239937 0.368817 0.057632 0.076868
0 0.302793 0.365692 0.057632 0.076868
0 0.365650 0.362567 0.057632 0.076868
0 0.428506 0.359442 0.057632 0.076868
0 0.491362 0.356316 0.057632 0.076868
0 0.554218 0.353191 0.057632 0.076868
0 0.617074 0.350066 0.057632 0.076868
0 0.679930 0.346941 0.057632 0.076868
0 0.742786 0.343816 0.057632 0.076868
0 0.115788 0.458726 0.057632 0.076868
0 0.178644 0.455601 0.057632 0.076868
0 0.241501 0.452476 0.057632 0.076868
0 0.304357 0.449351 0.057632 0.076868
0 0.367213 0.446226 0.057632 0.076868
0 0.430069 0.443100 0.057632 0.076868
0 0.492925 0.439975 0.057632 0.076868
0 0.555781 0.436850 0.057632 0.076868
0 0.618637 0.433725 0.057632 0.076868
0 0.681493 0.430599 0.057632 0.076868
0 0.744349 0.427474 0.057632 0.076868
0 0.117352 0.542385 0.057632 0.076868
0 0.180208 0.539260 0.057632 0.076868
0 0.243064 0.536135 0.057632 0.076868
0 0.305920 0.533009 0.057632 0.076868
0 0.368776 0.529884 0.057632 0.076868
0 0.431632 0.526759 0.057632 0.076868
0 0.494488 0.523634 0.057632 0.076868
0 0.557344 0.520509 0.057632 0.076868
0 0.620200 0.517383 0.057632 0.076868
0 0.683057 0.514258 0.057632 0.076868
0 0.745913 0.511133 0.057632 0.076868
0 0.118915 0.626044 0.057632 0.076868
0 0.181771 0.622918 0.057632 0.076868
0 0.244627 0.619793 0.057632 0.076868
0 0.307483 0.616668 0.057632 0.076868
0 0.370339 0.613543 0.057632 0.076868
0 0.433195 0.610418 0.057632 0.076868
0 0.496051 0.607292 0.057632 0.076868
0 0.558908 0.604167 0.057632 0.076868
0 0.621764 0.601042 0.057632 0.076868
0 0.684620 0.597917 0.057632 0.076868
0 0.747476 0.594791 0.057632 0.076868
0 0.120478 0.709702 0.057632 0.076868
0 0.183334 0.706577 0.057632 0.076868
0 0.246190 0.703452 0.057632 0.076868
0 0.309046 0.700327 0.057632 0.076868
0 0.371902 0.697201 0.057632 0.076868
0 0.434759 0.694076 0.057632 0.076868
0 0.497615 0.690951 0.057632 0.076868
0 0.560471 0.687826 0.057632 0.076868
0 0.623327 0.684701 0.057632 0.076868
0 0.686183 0.681575 0.057632 0.076868
0 0.749039 0.678450 0.057632 0.076868
0 0.122041 0.793361 0.057632 0.076868
0 0.184897 0.790236 0.057632 0.076868
0 0.247753 0.787110 0.057632 0.076868
0 0.310610 0.783985 0.057632 0.076868
0 0.373466 0.780860 0.057632 0.076868
0 0.436322 0.777735 0.057632 0.076868
0 0.499178 0.774610 0.057632 0.076868
0 0.562034 0.771484 0.057632 0.076868
0 0.624890 0.768359 0.057632 0.076868
0 0.687746 0.765234 0.057632 0.076868
0 0.750602 0.762109 0.057632 0.076868
0 0.123605 0.877020 0.057632 0.076868
0 0.186461 0.873894 0.057632 0.076868
0 0.249317 0.870769 0.057632 0.076868
0 0.312173 0.867644 0.057632 0.076868
0 0.375029 0.864519 0.057632 0.076868
0 0.437885 0.861393 0.057632 0.076868
0 0.500741 0.858268 0.057632 0.076868
0 0.563597 0.855143 0.057632 0.076868
0 0.626453 0.852018 0.057632 0.076868
0 0.689309 0.848893 0.057632 0.076868
0 0.752166 0.845767 0.057632 0.076868
