0 0.129964 0.246839 0.059360 0.079147
0 0.194050 0.244089 0.059360 0.079147
0 0.258136 0.241338 0.059360 0.079147
0 0.322222 0.238588 0.059360 0.079147
0 0.386308 0.235837 0.059360 0.079147
0 0.450394 0.233087 0.059360 0.079147
0 0.514481 0.230337 0.059360 0.079147
0 0.578567 0.227586 0.059360 0.079147
0 0.642653 0.224836 0.059360 0.079147
0 0.706739 0.222085 0.059360 0.079147
0 0.770825 0.219335 0.059360 0.079147
0 0.834911 0.216585 0.059360 0.079147
0 0.132149 0.331968 0.059360 0.079147
0 0.196235 0.329218 0.059360 0.079147
0 0.260321 0.326467 0.059360 0.079147
0 0.324407 0.323717 0.059360 0.079147
0 0.388494 0.320967 0.059360 0.079147
0 0.452580 0.318216 0.059360 0.079147
0 0.516666 0.315466 0.059360 0.079147
0 0.580752 0.312715 0.059360 0.079147
0 0.644838 0.309965 0.059360 0.079147
0 0.708924 0.307215 0.059360 0.079147
0 0.773010 0.304464 0.059360 0.079147
0 0.837096 0.301714 0.059360 0.079147
0 0.134334 0.417098 0.059360 0.079147
0 0.198420 0.414347 0.059360 0.079147
0 0.262506 0.411597 0.059360 0.079147
0 0.326593 0.408846 0.059360 0.079147
0 0.390679 0.406096 0.059360 0.079147
0 0.454765 0.403346 0.059360 0.079147
0 0.518851 0.400595 0.059360 0.079147
0 0.582937 0.397845 0.059360 0.079147
0 0.647023 0.395094 0.059360 0.079147
0 0.711109 0.392344 0.059360 0.079147
0 0.775195 0.389594 0.059360 0.079147
0 0.839281 0.386843 0.059360 0.079147
0 0.136519 0.502227 0.059360 0.079147
0 0.200606 0.499476 0.059360 0.079147
0 0.264692 0.496726 0.059360 0.079147
0 0.328778 0.493976 0.059360 0.079147
0 0.392864 0.491225 0.059360 0.079147
0 0.456950 0.488475 0.059360 0.079147
0 0.521036 0.485724 0.059360 0.079147
0 0.585122 0.482974 0.059360 0.079147
0 0.649208 0.480224 0.059360 0.079147
0 0.713294 0.477473 0.059360 0.079147
0 0.777380 0.474723 0.059360 0.079147
0 0.841466 0.471972 0.059360 0.079147
0 0.138705 0.587356 0.059360 0.079147
0 0.202791 0.584606 0.059360 0.079147
0 0.266877 0.581855 0.059360 0.079147
0 0.330963 0.579105 0.059360 0.079147
0 0.395049 0.576355 0.059360 0.079147
0 0.459135 0.573604 0.059360 0.079147
0 0.523221 0.570854 0.059360 0.079147
0 0.587307 0.568103 0.059360 0.079147
0 0.651393 0.565353 0.059360 0.079147
0 0.715479 0.562603 0.059360 0.079147
0 0.779565 0.559852 0.059360 0.079147
0 0.843651 0.557102 0.059360 0.079147
0 0.140890 0.672485 0.059360 0.079147
0 0.204976 0.669735 0.059360 0.079147
0 0.269062 0.666985 0.059360 0.079147
0 0.333148 0.664234 0.059360 0.079147
0 0.397234 0.661484 0.059360 0.079147
0 0.461320 0.658733 0.059360 0.079147
0 0.525406 0.655983 0.059360 0.079147
0 0.589492 0.653233 0.059360 0.079147
0 0.653578 0.650482 0.059360 0.079147
0 0.717664 0.647732 0.059360 0.079147
0 0.781750 0.644981 0.059360 0.079147
0 0.845836 0.642231 0.059360 0.079147
0 0.143075 0.757615 0.059360 0.079147
0 0.207161 0.754864 0.059360 0.079147
0 0.271247 0.752114 0.059360 0.079147
0 0.335333 0.749364 0.059360 0.079147
0 0.399419 0.746613 0.059360 0.079147
0 0.463505 0.743863 0.059360 0.079147
0 0.527591 0.741112 0.059360 0.079147
0 0.591677 0.738362 0.059360 0.079147
0 0.655763 0.735612 0.059360 0.079147
0 0.719849 0.732861 0.059360 0.079147
0 0.783935 0.730111 0.059360 0.079147
0 0.848021 0.727360 0.059360 0.079147
0 0.145260 0.842744 0.059360 0.079147
0 0.209346 0.839994 0.059360 0.079147
0 0.273432 0.837243 0.059360 0.079147
0 0.337518 0.834493 0.059360 0.079147
0 0.401604 0.831742 0.059360 0.079147
0 0.465690 0.828992 0.059360 0.079147
0 0.529776 0.826242 0.059360 0.079147
0 0.593862 0.823491 0.059360 0.079147
0 0.657948 0.820741 0.059360 0.079147
0 0.722034 0.817990 0.059360 0.079147
0 0.786120 0.815240 0.059360 0.079147
0 0.850206 0.812490 0.059360 0.079147
