0 0.148745 0.292975 0.059196 0.078928
0 0.212802 0.290775 0.059196 0.078928
0 0.276859 0.288574 0.059196 0.078928
0 0.340915 0.286374 0.059196 0.078928
0 0.404972 0.284174 0.059196 0.078928
0 0.469029 0.281974 0.059196 0.078928
0 0.533086 0.279773 0.059196 0.078928
0 0.597143 0.277573 0.059196 0.078928
0 0.661200 0.275373 0.059196 0.078928
0 0.725257 0.273173 0.059196 0.078928
0 0.789314 0.270972 0.059196 0.078928
0 0.853371 0.268772 0.059196 0.078928
0 0.150532 0.378556 0.059196 0.078928
0 0.214589 0.376356 0.059196 0.078928
0 0.278646 0.374156 0.059196 0.078928
0 0.342703 0.371956 0.059196 0.078928
0 0.406760 0.369755 0.059196 0.078928
0 0.470817 0.367555 0.059196 0.078928
0 0.534874 0.365355 0.059196 0.078928
0 0.598930 0.363155 0.059196 0.078928
0 0.662987 0.360954 0.059196 0.078928
0 0.727044 0.358754 0.059196 0.078928
0 0.791101 0.356554 0.059196 0.078928
0 0.855158 0.354353 0.059196 0.078928
0 0.152319 0.464138 0.059196 0.078928
0 0.216376 0.461937 0.059196 0.078928
0 0.280433 0.459737 0.059196 0.078928
0 0.344490 0.457537 0.059196 0.078928
0 0.408547 0.455337 0.059196 0.078928
0 0.472604 0.453136 0.059196 0.078928
0 0.536661 0.450936 0.059196 0.078928
0 0.600718 0.448736 0.059196 0.078928
0 0.664775 0.446536 0.059196 0.078928
0 0.728832 0.444335 0.059196 0.078928
0 0.792889 0.442135 0.059196 0.078928
0 0.856945 0.439935 0.059196 0.078928
0 0.154106 0.549719 0.059196 0.078928
0 0.218163 0.547519 0.059196 0.078928
0 0.282220 0.545319 0.059196 0.078928
0 0.346277 0.543118 0.059196 0.078928
0 0.410334 0.540918 0.059196 0.078928
0 0.474391 0.538718 0.059196 0.078928
0 0.538448 0.536518 0.059196 0.078928
0 0.602505 0.534317 0.059196 0.078928
0 0.666562 0.532117 0.059196 0.078928
0 0.730619 0.529917 0.059196 0.078928
0 0.794676 0.527716 0.059196 0.078928
0 0.858733 0.525516 0.059196 0.078928
0 0.155894 0.635300 0.059196 0.078928
0 0.219951 0.633100 0.059196 0.078928
0 0.284007 0.630900 0.059196 0.078928
0 0.348064 0.628700 0.059196 0.078928
0 0.412121 0.626499 0.059196 0.078928
0 0.476178 0.624299 0.059196 0.078928
0 0.540235 0.622099 0.059196 0.078928
0 0.604292 0.619899 0.059196 0.078928
0 0.668349 0.617698 0.059196 0.078928
0 0.732406 0.615498 0.059196 0.078928
0 0.796463 0.613298 0.059196 0.078928
0 0.860520 0.611098 0.059196 0.078928
0 0.157681 0.720882 0.059196 0.078928
0 0.221738 0.718682 0.059196 0.078928
0 0.285795 0.716481 0.059196 0.078928
0 0.349852 0.714281 0.059196 0.078928
0 0.413909 0.712081 0.059196 0.078928
0 0.477965 0.709881 0.059196 0.078928
0 0.542022 0.707680 0.059196 0.078928
0 0.606079 0.705480 0.059196 0.078928
0 0.670136 0.703280 0.059196 0.078928
0 0.734193 0.701079 0.059196 0.078928
0 0.798250 0.698879 0.059196 0.078928
0 0.862307 0.696679 0.059196 0.078928
0 0.159468 0.806463 0.059196 0.078928
0 0.223525 0.804263 0.059196 0.078928
0 0.287582 0.802063 0.059196 0.078928
0 0.351639 0.799862 0.059196 0.078928
0 0.415696 0.797662 0.059196 0.078928
0 0.479753 0.795462 0.059196 0.078928
0 0.543810 0.793262 0.059196 0.078928
0 0.607867 0.791061 0.059196 0.078928
0 0.671924 0.788861 0.059196 0.078928
0 0.735980 0.786661 0.059196 0.078928
0 0.800037 0.784461 0.059196 0.078928
0 0.864094 0.782260 0.059196 0.078928
0 0.161255 0.892045 0.059196 0.078928
0 0.225312 0.889844 0.059196 0.078928
0 0.289369 0.887644 0.059196 0.078928
0 0.353426 0.885444 0.059196 0.078928
0 0.417483 0.883244 0.059196 0.078928
0 0.481540 0.881043 0.059196 0.078928
0 0.545597 0.878843 0.059196 0.078928
0 0.609654 0.876643 0.059196 0.078928
0 0.673711 0.874442 0.059196 0.078928
0 0.737768 0.872242 0.059196 0.078928
0 0.801825 0.870042 0.059196 0.078928
0 0.865882 0.867842 0.059196 0.078928
