0 0.088753 0.229398 0.066249 0.088332
0 0.163180 0.227822 0.066249 0.088332
0 0.237607 0.226246 0.066249 0.088332
0 0.312034 0.224669 0.066249 0.088332
0 0.386461 0.223093 0.066249 0.088332
0 0.460888 0.221516 0.066249 0.088332
0 0.535315 0.219940 0.066249 0.088332
0 0.609742 0.218364 0.066249 0.088332
0 0.684168 0.216787 0.066249 0.088332
0 0.758595 0.215211 0.066249 0.088332
0 0.833022 0.213634 0.066249 0.088332
0 0.907449 0.212058 0.066249 0.088332
0 0.090393 0.334132 0.066249 0.088332
0 0.164820 0.332555 0.066249 0.088332
0 0.239247 0.330979 0.066249 0.088332
0 0.313674 0.329403 0.066249 0.088332
0 0.388101 0.327826 0.066249 0.088332
0 0.462528 0.326250 0.066249 0.088332
0 0.536955 0.324673 0.066249 0.088332
0 0.611382 0.323097 0.066249 0.088332
0 0.685809 0.321521 0.066249 0.088332
0 0.760236 0.319944 0.066249 0.088332
0 0.834663 0.318368 0.066249 0.088332
0 0.909090 0.316791 0.066249 0.088332
0 0.092033 0.438865 0.066249 0.088332
0 0.166460 0.437289 0.066249 0.088332
0 0.240887 0.435712 0.066249 0.088332
0 0.315314 0.434136 0.066249 0.088332
0 0.389741 0.432560 0.066249 0.088332
0 0.464168 0.430983 0.066249 0.088332
0 0.538595 0.429407 0.066249 0.088332
0 0.613022 0.427830 0.066249 0.088332
0 0.687449 0.426254 0.066249 0.088332
0 0.761876 0.424677 0.066249 0.088332
0 0.836303 0.423101 0.066249 0.088332
0 0.910730 0.421525 0.066249 0.088332
0 0.093674 0.543599 0.066249 0.088332
0 0.168100 0.542022 0.066249 0.088332
0 0.242527 0.540446 0.066249 0.088332
0 0.316954 0.538869 0.066249 0.088332
0 0.391381 0.537293 0.066249 0.088332
0 0.465808 0.535717 0.066249 0.088332
0 0.540235 0.534140 0.066249 0.088332
0 0.614662 0.532564 0.066249 0.088332
0 0.689089 0.530987 0.066249 0.088332
0 0.763516 0.529411 0.066249 0.088332
0 0.837943 0.527834 0.066249 0.088332
0 0.912370 0.526258 0.066249 0.088332
0 0.095314 0.648332 0.066249 0.088332
0 0.169741 0.646756 0.066249 0.088332
0 0.244168 0.645179 0.066249 0.088332
0 0.318595 0.643603 0.066249 0.088332
0 0.393022 0.642026 0.066249 0.088332
0 0.467449 0.640450 0.066249 0.088332
0 0.541876 0.638873 0.066249 0.088332
0 0.616303 0.637297 0.066249 0.088332
0 0.690730 0.635721 0.066249 0.088332
0 0.765157 0.634144 0.066249 0.088332
0 0.839583 0.632568 0.066249 0.088332
0 0.914010 0.630991 0.066249 0.088332
0 0.096954 0.753065 0.066249 0.088332
0 0.171381 0.751489 0.066249 0.088332
0 0.245808 0.749912 0.066249 0.088332
0 0.320235 0.748336 0.066249 0.088332
0 0.394662 0.746760 0.066249 0.088332
0 0.469089 0.745183 0.066249 0.088332
0 0.543516 0.743607 0.066249 0.088332
0 0.617943 0.742030 0.066249 0.088332
0 0.692370 0.740454 0.066249 0.088332
0 0.766797 0.738878 0.066249 0.088332
0 0.841224 0.737301 0.066249 0.088332
0 0.915651 0.735725 0.066249 0.088332
0 0.098594 0.857799 0.066249 0.088332
0 0.173021 0.856222 0.066249 0.088332
0 0.247448 0.854646 0.066249 0.088332
0 0.321875 0.853069 0.066249 0.088332
0 0.396302 0.851493 0.066249 0.088332
0 0.470729 0.849917 0.066249 0.088332
0 0.545156 0.848340 0.066249 0.088332
0 0.619583 0.846764 0.066249 0.088332
0 0.694010 0.845187 0.066249 0.088332
0 0.768437 0.843611 0.066249 0.088332
0 0.842864 0.842035 0.066249 0.088332
0 0.917291 0.840458 0.066249 0.088332
0 0.100235 0.958532 0.066249 0.080332
0 0.174662 0.957744 0.066249 0.081909
0 0.249089 0.956955 0.066249 0.083485
0 0.323515 0.956167 0.066249 0.085061
0 0.397942 0.955379 0.066249 0.086638
0 0.472369 0.954591 0.066249 0.088214
0 0.546796 0.953074 0.066249 0.088332
0 0.621213 0.951076 0.066249 0.087489
0 0.695622 0.948729 0.066249 0.085948
0 0.770031 0.946382 0.066249 0.084407
0 0.844440 0.944036 0.066249 0.082865
0 0.918849 0.941689 0.066249 0.081324
