0 0.163854 0.355452 0.054579 0.072771
0 0.223409 0.350798 0.054579 0.072771
0 0.282964 0.346144 0.054579 0.072771
0 0.342519 0.341491 0.054579 0.072771
0 0.402074 0.336837 0.054579 0.072771
0 0.461629 0.332184 0.054579 0.072771
0 0.521183 0.327530 0.054579 0.072771
0 0.167055 0.434708 0.054579 0.072771
0 0.226610 0.430055 0.054579 0.072771
0 0.286165 0.425401 0.054579 0.072771
0 0.345720 0.420747 0.054579 0.072771
0 0.405275 0.416094 0.054579 0.072771
0 0.464830 0.411440 0.054579 0.072771
0 0.524385 0.406786 0.054579 0.072771
0 0.170256 0.513965 0.054579 0.072771
0 0.229811 0.509311 0.054579 0.072771
0 0.289366 0.504657 0.054579 0.072771
0 0.348921 0.500004 0.054579 0.072771
0 0.408476 0.495350 0.054579 0.072771
0 0.468031 0.490696 0.054579 0.072771
0 0.527586 0.486043 0.054579 0.072771
0 0.173457 0.593221 0.054579 0.072771
0 0.233012 0.588568 0.054579 0.072771
0 0.292567 0.583914 0.054579 0.072771
0 0.352122 0.579260 0.054579 0.072771
0 0.411677 0.574607 0.054579 0.072771
0 0.471232 0.569953 0.054579 0.072771
0 0.530787 0.565299 0.054579 0.072771
0 0.176658 0.672478 0.054579 0.072771
0 0.236213 0.667824 0.054579 0.072771
0 0.295768 0.663170 0.054579 0.072771
0 0.355323 0.658517 0.054579 0.072771
0 0.414878 0.653863 0.054579 0.072771
0 0.474433 0.649209 0.054579 0.072771
0 0.533988 0.644556 0.054579 0.072771
0 0.179859 0.751734 0.054579 0.072771
0 0.239414 0.747081 0.054579 0.072771
0 0.298969 0.742427 0.054579 0.072771
0 0.358524 0.737773 0.054579 0.072771
0 0.418079 0.733120 0.054579 0.072771
0 0.477634 0.728466 0.054579 0.072771
0 0.537189 0.723812 0.054579 0.072771
0 0.183060 0.830991 0.054579 0.072771
0 0.242615 0.826337 0.054579 0.072771
0 0.302170 0.821683 0.054579 0.072771
0 0.361725 0.817030 0.054579 0.072771
0 0.421280 0.812376 0.054579 0.072771
0 0.480835 0.807722 0.054579 0.072771
0 0.540390 0.803069 0.054579 0.072771
0 0.186261 0.910247 0.054579 0.072771
0 0.245816 0.905594 0.054579 0.072771
0 0.305371 0.900940 0.054579 0.072771
0 0.364926 0.896286 0.054579 0.072771
0 0.424481 0.891633 0.054579 0.072771
0 0.484036 0.886979 0.054579 0.072771
0 0.543591 0.882325 0.054579 0.072771
