0 0.162337 0.224110 0.058588 0.078118
0 0.226470 0.227874 0.058588 0.078118
0 0.290604 0.231638 0.058588 0.078118
0 0.354738 0.235403 0.058588 0.078118
0 0.418872 0.239167 0.058588 0.078118
0 0.483006 0.242931 0.058588 0.078118
0 0.547139 0.246696 0.058588 0.078118
0 0.611273 0.250460 0.058588 0.078118
0 0.675407 0.254224 0.058588 0.078118
0 0.739541 0.257989 0.058588 0.078118
0 0.159454 0.309847 0.058588 0.078118
0 0.223588 0.313611 0.058588 0.078118
0 0.287722 0.317375 0.058588 0.078118
0 0.351856 0.321140 0.058588 0.078118
0 0.415989 0.324904 0.058588 0.078118
0 0.480123 0.328668 0.058588 0.078118
0 0.544257 0.332433 0.058588 0.078118
0 0.608391 0.336197 0.058588 0.078118
0 0.672525 0.339961 0.058588 0.078118
0 0.736658 0.343726 0.058588 0.078118
0 0.156572 0.395584 0.058588 0.078118
0 0.220706 0.399348 0.058588 0.078118
0 0.284839 0.403112 0.058588 0.078118
0 0.348973 0.406877 0.058588 0.078118
0 0.413107 0.410641 0.058588 0.078118
0 0.477241 0.414405 0.058588 0.078118
0 0.541375 0.418170 0.058588 0.078118
0 0.605508 0.421934 0.058588 0.078118
0 0.669642 0.425698 0.058588 0.078118
0 0.733776 0.429463 0.058588 0.078118
0 0.153689 0.481321 0.058588 0.078118
0 0.217823 0.485085 0.058588 0.078118
0 0.281957 0.488849 0.058588 0.078118
0 0.346091 0.492614 0.058588 0.078118
0 0.410225 0.496378 0.058588 0.078118
0 0.474358 0.500142 0.058588 0.078118
0 0.538492 0.503907 0.058588 0.078118
0 0.602626 0.507671 0.058588 0.078118
0 0.666760 0.511435 0.058588 0.078118
0 0.730894 0.515200 0.058588 0.078118
0 0.150807 0.567058 0.058588 0.078118
0 0.214941 0.570822 0.058588 0.078118
0 0.279075 0.574586 0.058588 0.078118
0 0.343208 0.578351 0.058588 0.078118
0 0.407342 0.582115 0.058588 0.078118
0 0.471476 0.585879 0.058588 0.078118
0 0.535610 0.589644 0.058588 0.078118
0 0.599744 0.593408 0.058588 0.078118
0 0.663877 0.597172 0.058588 0.078118
0 0.728011 0.600937 0.058588 0.078118
0 0.147925 0.652795 0.058588 0.078118
0 0.212058 0.656559 0.058588 0.078118
0 0.276192 0.660323 0.058588 0.078118
0 0.340326 0.664088 0.058588 0.078118
0 0.404460 0.667852 0.058588 0.078118
0 0.468594 0.671616 0.058588 0.078118
0 0.532727 0.675381 0.058588 0.078118
0 0.596861 0.679145 0.058588 0.078118
0 0.660995 0.682909 0.058588 0.078118
0 0.725129 0.686674 0.058588 0.078118
0 0.145042 0.738531 0.058588 0.078118
0 0.209176 0.742296 0.058588 0.078118
0 0.273310 0.746060 0.058588 0.078118
0 0.337444 0.749825 0.058588 0.078118
0 0.401577 0.753589 0.058588 0.078118
0 0.465711 0.757353 0.058588 0.078118
0 0.529845 0.761118 0.058588 0.078118
0 0.593979 0.764882 0.058588 0.078118
0 0.658113 0.768646 0.058588 0.078118
0 0.722246 0.772411 0.058588 0.078118
0 0.142160 0.824268 0.058588 0.078118
0 0.206294 0.828033 0.058588 0.078118
0 0.270427 0.831797 0.058588 0.078118
0 0.334561 0.835562 0.058588 0.078118
0 0.398695 0.839326 0.058588 0.078118
0 0.462829 0.843090 0.058588 0.078118
0 0.526963 0.846855 0.058588 0.078118
0 0.591096 0.850619 0.058588 0.078118
0 0.655230 0.854383 0.058588 0.078118
0 0.719364 0.858148 0.058588 0.078118
