0 0.117412 0.286017 0.057632 0.076868
0 0.180284 0.283770 0.057632 0.076868
0 0.243155 0.281523 0.057632 0.076868
0 0.306027 0.279276 0.057632 0.076868
0 0.368899 0.277029 0.057632 0.076868
0 0.431770 0.274782 0.057632 0.076868
0 0.494642 0.272535 0.057632 0.076868
0 0.557514 0.270287 0.057632 0.076868
0 0.620385 0.268040 0.057632 0.076868
0 0.683257 0.265793 0.057632 0.076868
0 0.746129 0.263546 0.057632 0.076868
0 0.119259 0.369693 0.057632 0.076868
0 0.182131 0.367446 0.057632 0.076868
0 0.245003 0.365199 0.057632 0.076868
0 0.307874 0.362952 0.057632 0.076868
0 0.370746 0.360705 0.057632 0.076868
0 0.433618 0.358458 0.057632 0.076868
0 0.496489 0.356210 0.057632 0.076868
0 0.559361 0.353963 0.057632 0.076868
0 0.622233 0.351716 0.057632 0.076868
0 0.685104 0.349469 0.057632 0.076868
0 0.747976 0.347222 0.057632 0.076868
0 0.121107 0.453369 0.057632 0.076868
0 0.183978 0.451122 0.057632 0.076868
0 0.246850 0.448875 0.057632 0.076868
0 0.309722 0.446628 0.057632 0.076868
0 0.372594 0.444381 0.057632 0.076868
0 0.435465 0.442134 0.057632 0.076868
0 0.498337 0.439886 0.057632 0.076868
0 0.561209 0.437639 0.057632 0.076868
0 0.624080 0.435392 0.057632 0.076868
0 0.686952 0.433145 0.057632 0.076868
0 0.749824 0.430898 0.057632 0.076868
0 0.122954 0.537045 0.057632 0.076868
0 0.185826 0.534798 0.057632 0.076868
0 0.248698 0.532551 0.057632 0.076868
0 0.311569 0.530304 0.057632 0.076868
0 0.374441 0.528057 0.057632 0.076868
0 0.437313 0.525809 0.057632 0.076868
0 0.500184 0.523562 0.057632 0.076868
0 0.563056 0.521315 0.057632 0.076868
0 0.625928 0.519068 0.057632 0.076868
0 0.688799 0.516821 0.057632 0.076868
0 0.751671 0.514574 0.057632 0.076868
0 0.124802 0.620721 0.057632 0.076868
0 0.187673 0.618474 0.057632 0.076868
0 0.250545 0.616227 0.057632 0.076868
0 0.313417 0.613980 0.057632 0.076868
0 0.376288 0.611732 0.057632 0.076868
0 0.439160 0.609485 0.057632 0.076868
0 0.502032 0.607238 0.057632 0.076868
0 0.564903 0.604991 0.057632 0.076868
0 0.627775 0.602744 0.057632 0.076868
0 0.690647 0.600497 0.057632 0.076868
0 0.753518 0.598250 0.057632 0.076868
0 0.126649 0.704397 0.057632 0.076868
0 0.189521 0.702150 0.057632 0.076868
0 0.252392 0.699903 0.057632 0.076868
0 0.315264 0.697655 0.057632 0.076868
0 0.378136 0.695408 0.057632 0.076868
0 0.441007 0.693161 0.057632 0.076868
0 0.503879 0.690914 0.057632 0.076868
0 0.566751 0.688667 0.057632 0.076868
0 0.629623 0.686420 0.057632 0.076868
0 0.692494 0.684173 0.057632 0.076868
0 0.755366 0.681925 0.057632 0.076868
0 0.128497 0.788073 0.057632 0.076868
0 0.191368 0.785826 0.057632 0.076868
0 0.254240 0.783578 0.057632 0.076868
0 0.317112 0.781331 0.057632 0.076868
0 0.379983 0.779084 0.057632 0.076868
0 0.442855 0.776837 0.057632 0.076868
0 0.505727 0.774590 0.057632 0.076868
0 0.568598 0.772343 0.057632 0.076868
0 0.631470 0.770096 0.057632 0.076868
0 0.694342 0.767848 0.057632 0.076868
0 0.757213 0.765601 0.057632 0.076868
0 0.130344 0.871749 0.057632 0.076868
0 0.193216 0.869501 0.057632 0.076868
0 0.256087 0.867254 0.057632 0.076868
0 0.318959 0.865007 0.057632 0.076868
0 0.381831 0.862760 0.057632 0.076868
0 0.444702 0.860513 0.057632 0.076868
0 0.507574 0.858266 0.057632 0.076868
0 0.570446 0.856019 0.057632 0.076868
0 0.633317 0.853771 0.057632 0.076868
0 0.696189 0.851524 0.057632 0.076868
0 0.759061 0.849277 0.057632 0.076868
