0 0.143168 0.264041 0.060097 0.080130
0 0.209322 0.267282 0.060097 0.080130
0 0.275476 0.270523 0.060097 0.080130
0 0.341630 0.273764 0.060097 0.080130
0 0.407783 0.277005 0.060097 0.080130
0 0.473937 0.280246 0.060097 0.080130
0 0.540091 0.283487 0.060097 0.080130
0 0.138951 0.351777 0.060097 0.080130
0 0.205104 0.355018 0.060097 0.080130
0 0.271258 0.358259 0.060097 0.080130
0 0.337412 0.361500 0.060097 0.080130
0 0.403566 0.364741 0.060097 0.080130
0 0.469720 0.367982 0.060097 0.080130
0 0.535874 0.371223 0.060097 0.080130
0 0.134733 0.439513 0.060097 0.080130
0 0.200887 0.442754 0.060097 0.080130
0 0.267041 0.445995 0.060097 0.080130
0 0.333195 0.449236 0.060097 0.080130
0 0.399349 0.452477 0.060097 0.080130
0 0.465503 0.455718 0.060097 0.080130
0 0.531657 0.458959 0.060097 0.080130
0 0.130516 0.527249 0.060097 0.080130
0 0.196670 0.530490 0.060097 0.080130
0 0.262824 0.533731 0.060097 0.080130
0 0.328978 0.536972 0.060097 0.080130
0 0.395132 0.540213 0.060097 0.080130
0 0.461286 0.543454 0.060097 0.080130
0 0.527440 0.546695 0.060097 0.080130
0 0.126299 0.614985 0.060097 0.080130
0 0.192453 0.618226 0.060097 0.080130
0 0.258607 0.621467 0.060097 0.080130
0 0.324761 0.624708 0.060097 0.080130
0 0.390915 0.627949 0.060097 0.080130
0 0.457068 0.631190 0.060097 0.080130
0 0.523222 0.634431 0.060097 0.080130
0 0.122082 0.702721 0.060097 0.080130
0 0.188236 0.705962 0.060097 0.080130
0 0.254390 0.709203 0.060097 0.080130
0 0.320543 0.712444 0.060097 0.080130
0 0.386697 0.715685 0.060097 0.080130
0 0.452851 0.718926 0.060097 0.080130
0 0.519005 0.722167 0.060097 0.080130
0 0.117864 0.790457 0.060097 0.080130
0 0.184018 0.793698 0.060097 0.080130
0 0.250172 0.796939 0.060097 0.080130
0 0.316326 0.800180 0.060097 0.080130
0 0.382480 0.803421 0.060097 0.080130
0 0.448634 0.806662 0.060097 0.080130
0 0.514788 0.809903 0.060097 0.080130
0 0.113647 0.878193 0.060097 0.080130
0 0.179801 0.881434 0.060097 0.080130
0 0.245955 0.884675 0.060097 0.080130
0 0.312109 0.887916 0.060097 0.080130
0 0.378263 0.891157 0.060097 0.080130
0 0.444417 0.894398 0.060097 0.080130
0 0.510571 0.897639 0.060097 0.080130
