0 0.120859 0.286477 0.061003 0.081337
0 0.186248 0.285016 0.061003 0.081337
0 0.251637 0.283555 0.061003 0.081337
0 0.317027 0.282094 0.061003 0.081337
0 0.382416 0.280634 0.061003 0.081337
0 0.447805 0.279173 0.061003 0.081337
0 0.513195 0.277712 0.061003 0.081337
0 0.121433 0.373576 0.061003 0.081337
0 0.186822 0.372115 0.061003 0.081337
0 0.252211 0.370654 0.061003 0.081337
0 0.317601 0.369193 0.061003 0.081337
0 0.382990 0.367733 0.061003 0.081337
0 0.448379 0.366272 0.061003 0.081337
0 0.513769 0.364811 0.061003 0.081337
0 0.122007 0.460675 0.061003 0.081337
0 0.187396 0.459214 0.061003 0.081337
0 0.252785 0.457753 0.061003 0.081337
0 0.318175 0.456293 0.061003 0.081337
0 0.383564 0.454832 0.061003 0.081337
0 0.448953 0.453371 0.061003 0.081337
0 0.514343 0.451910 0.061003 0.081337
0 0.122581 0.547774 0.061003 0.081337
0 0.187970 0.546313 0.061003 0.081337
0 0.253360 0.544852 0.061003 0.081337
0 0.318749 0.543392 0.061003 0.081337
0 0.384138 0.541931 0.061003 0.081337
0 0.449528 0.540470 0.061003 0.081337
0 0.514917 0.539010 0.061003 0.081337
0 0.123155 0.634873 0.061003 0.081337
0 0.188544 0.633412 0.061003 0.081337
0 0.253934 0.631951 0.061003 0.081337
0 0.319323 0.630491 0.061003 0.081337
0 0.384712 0.629030 0.061003 0.081337
0 0.450102 0.627569 0.061003 0.081337
0 0.515491 0.626109 0.061003 0.081337
0 0.123729 0.721972 0.061003 0.081337
0 0.189118 0.720511 0.061003 0.081337
0 0.254508 0.719051 0.061003 0.081337
0 0.319897 0.717590 0.061003 0.081337
0 0.385286 0.716129 0.061003 0.081337
0 0.450676 0.714668 0.061003 0.081337
0 0.516065 0.713208 0.061003 0.081337
0 0.124303 0.809071 0.061003 0.081337
0 0.189692 0.807610 0.061003 0.081337
0 0.255082 0.806150 0.061003 0.081337
0 0.320471 0.804689 0.061003 0.081337
0 0.385860 0.803228 0.061003 0.081337
0 0.451250 0.801768 0.061003 0.081337
0 0.516639 0.800307 0.061003 0.081337
0 0.124877 0.896170 0.061003 0.081337
0 0.190266 0.894710 0.061003 0.081337
0 0.255656 0.893249 0.061003 0.081337
0 0.321045 0.891788 0.061003 0.081337
0 0.386434 0.890327 0.061003 0.081337
0 0.451824 0.888867 0.061003 0.081337
0 0.517213 0.887406 0.061003 0.081337
