0 0.112210 0.239907 0.064606 0.086141
0 0.188887 0.237462 0.064606 0.086141
0 0.265564 0.235018 0.064606 0.086141
0 0.342241 0.232573 0.064606 0.086141
0 0.418918 0.230129 0.064606 0.086141
0 0.495595 0.227684 0.064606 0.086141
0 0.572272 0.225240 0.064606 0.086141
0 0.648949 0.222795 0.064606 0.086141
0 0.725626 0.220350 0.064606 0.086141
0 0.802303 0.217906 0.064606 0.086141
0 0.878980 0.215461 0.064606 0.086141
0 0.114501 0.343795 0.064606 0.086141
0 0.191178 0.341351 0.064606 0.086141
0 0.267855 0.338906 0.064606 0.086141
0 0.344532 0.336462 0.064606 0.086141
0 0.421209 0.334017 0.064606 0.086141
0 0.497886 0.331573 0.064606 0.086141
0 0.574563 0.329128 0.064606 0.086141
0 0.651240 0.326684 0.064606 0.086141
0 0.727917 0.324239 0.064606 0.086141
0 0.804594 0.321794 0.064606 0.086141
0 0.881271 0.319350 0.064606 0.086141
0 0.116792 0.447684 0.064606 0.086141
0 0.193469 0.445239 0.064606 0.086141
0 0.270146 0.442795 0.064606 0.086141
0 0.346823 0.440350 0.064606 0.086141
0 0.423500 0.437906 0.064606 0.086141
0 0.500177 0.435461 0.064606 0.086141
0 0.576854 0.433017 0.064606 0.086141
0 0.653531 0.430572 0.064606 0.086141
0 0.730208 0.428128 0.064606 0.086141
0 0.806885 0.425683 0.064606 0.086141
0 0.883562 0.423239 0.064606 0.086141
0 0.119083 0.551572 0.064606 0.086141
0 0.195760 0.549128 0.064606 0.086141
0 0.272437 0.546683 0.064606 0.086141
0 0.349114 0.544239 0.064606 0.086141
0 0.425791 0.541794 0.064606 0.086141
0 0.502468 0.539350 0.064606 0.086141
0 0.579145 0.536905 0.064606 0.086141
0 0.655822 0.534461 0.064606 0.086141
0 0.732499 0.532016 0.064606 0.086141
0 0.809176 0.529572 0.064606 0.086141
0 0.885853 0.527127 0.064606 0.086141
0 0.121373 0.655461 0.064606 0.086141
0 0.198050 0.653016 0.064606 0.086141
0 0.274727 0.650572 0.064606 0.086141
0 0.351404 0.648127 0.064606 0.086141
0 0.428081 0.645683 0.064606 0.086141
0 0.504758 0.643238 0.064606 0.086141
0 0.581435 0.640794 0.064606 0.086141
0 0.658112 0.638349 0.064606 0.086141
0 0.734789 0.635905 0.064606 0.086141
0 0.811466 0.633460 0.064606 0.086141
0 0.888143 0.631016 0.064606 0.086141
0 0.123664 0.759350 0.064606 0.086141
0 0.200341 0.756905 0.064606 0.086141
0 0.277018 0.754460 0.064606 0.086141
0 0.353695 0.752016 0.064606 0.086141
0 0.430372 0.749571 0.064606 0.086141
0 0.507049 0.747127 0.064606 0.086141
0 0.583726 0.744682 0.064606 0.086141
0 0.660403 0.742238 0.064606 0.086141
0 0.737080 0.739793 0.064606 0.086141
0 0.813757 0.737349 0.064606 0.086141
0 0.890434 0.734904 0.064606 0.086141
0 0.125955 0.863238 0.064606 0.086141
0 0.202632 0.860794 0.064606 0.086141
0 0.279309 0.858349 0.064606 0.086141
0 0.355986 0.855904 0.064606 0.086141
0 0.432663 0.853460 0.064606 0.086141
0 0.509340 0.851015 0.064606 0.086141
0 0.586017 0.848571 0.064606 0.086141
0 0.662694 0.846126 0.064606 0.086141
0 0.739371 0.843682 0.064606 0.086141
0 0.816048 0.841237 0.064606 0.086141
0 0.892725 0.838793 0.064606 0.086141
0 0.128246 0.961377 0.064606 0.074642
0 0.204923 0.960155 0.064606 0.077086
0 0.281600 0.958932 0.064606 0.079531
0 0.358277 0.957710 0.064606 0.081976
0 0.434954 0.956488 0.064606 0.084420
0 0.511631 0.954904 0.064606 0.086141
0 0.588308 0.952459 0.064606 0.086141
0 0.664985 0.950015 0.064606 0.086141
0 0.741662 0.947570 0.064606 0.086141
0 0.818339 0.945126 0.064606 0.086141
0 0.895016 0.942681 0.064606 0.086141
