0 0.154221 0.268748 0.059196 0.078928
0 0.218271 0.271020 0.059196 0.078928
0 0.282321 0.273293 0.059196 0.078928
0 0.346371 0.275566 0.059196 0.078928
0 0.410421 0.277839 0.059196 0.078928
0 0.474471 0.280111 0.059196 0.078928
0 0.538521 0.282384 0.059196 0.078928
0 0.602571 0.284657 0.059196 0.078928
0 0.666621 0.286929 0.059196 0.078928
0 0.730671 0.289202 0.059196 0.078928
0 0.794721 0.291475 0.059196 0.078928
0 0.858771 0.293748 0.059196 0.078928
0 0.151683 0.354336 0.059196 0.078928
0 0.215733 0.356609 0.059196 0.078928
0 0.279783 0.358882 0.059196 0.078928
0 0.343833 0.361155 0.059196 0.078928
0 0.407883 0.363427 0.059196 0.078928
0 0.471933 0.365700 0.059196 0.078928
0 0.535983 0.367973 0.059196 0.078928
0 0.600034 0.370246 0.059196 0.078928
0 0.664084 0.372518 0.059196 0.078928
0 0.728134 0.374791 0.059196 0.078928
0 0.792184 0.377064 0.059196 0.078928
0 0.856234 0.379336 0.059196 0.078928
0 0.149145 0.439925 0.059196 0.078928
0 0.213195 0.442198 0.059196 0.078928
0 0.277245 0.444471 0.059196 0.078928
0 0.341296 0.446743 0.059196 0.078928
0 0.405346 0.449016 0.059196 0.078928
0 0.469396 0.451289 0.059196 0.078928
0 0.533446 0.453562 0.059196 0.078928
0 0.597496 0.455834 0.059196 0.078928
0 0.661546 0.458107 0.059196 0.078928
0 0.725596 0.460380 0.059196 0.078928
0 0.789646 0.462653 0.059196 0.078928
0 0.853696 0.464925 0.059196 0.078928
0 0.146608 0.525514 0.059196 0.078928
0 0.210658 0.527787 0.059196 0.078928
0 0.274708 0.530060 0.059196 0.078928
0 0.338758 0.532332 0.059196 0.078928
0 0.402808 0.534605 0.059196 0.078928
0 0.466858 0.536878 0.059196 0.078928
0 0.530908 0.539150 0.059196 0.078928
0 0.594958 0.541423 0.059196 0.078928
0 0.659008 0.543696 0.059196 0.078928
0 0.723058 0.545969 0.059196 0.078928
0 0.787108 0.548241 0.059196 0.078928
0 0.851159 0.550514 0.059196 0.078928
0 0.144070 0.611103 0.059196 0.078928
0 0.208120 0.613376 0.059196 0.078928
0 0.272170 0.615648 0.059196 0.078928
0 0.336220 0.617921 0.059196 0.078928
0 0.400270 0.620194 0.059196 0.078928
0 0.464320 0.622466 0.059196 0.078928
0 0.528371 0.624739 0.059196 0.078928
0 0.592421 0.627012 0.059196 0.078928
0 0.656471 0.629285 0.059196 0.078928
0 0.720521 0.631557 0.059196 0.078928
0 0.784571 0.633830 0.059196 0.078928
0 0.848621 0.636103 0.059196 0.078928
0 0.141532 0.696692 0.059196 0.078928
0 0.205583 0.698964 0.059196 0.078928
0 0.269633 0.701237 0.059196 0.078928
0 0.333683 0.703510 0.059196 0.078928
0 0.397733 0.705783 0.059196 0.078928
0 0.461783 0.708055 0.059196 0.078928
0 0.525833 0.710328 0.059196 0.078928
0 0.589883 0.712601 0.059196 0.078928
0 0.653933 0.714873 0.059196 0.078928
0 0.717983 0.717146 0.059196 0.078928
0 0.782033 0.719419 0.059196 0.078928
0 0.846083 0.721692 0.059196 0.078928
0 0.138995 0.782280 0.059196 0.078928
0 0.203045 0.784553 0.059196 0.078928
0 0.267095 0.786826 0.059196 0.078928
0 0.331145 0.789099 0.059196 0.078928
0 0.395195 0.791371 0.059196 0.078928
0 0.459245 0.793644 0.059196 0.078928
0 0.523295 0.795917 0.059196 0.078928
0 0.587345 0.798190 0.059196 0.078928
0 0.651395 0.800462 0.059196 0.078928
0 0.715446 0.802735 0.059196 0.078928
0 0.779496 0.805008 0.059196 0.078928
0 0.843546 0.807280 0.059196 0.078928
0 0.136457 0.867869 0.059196 0.078928
0 0.200507 0.870142 0.059196 0.078928
0 0.264557 0.872415 0.059196 0.078928
0 0.328607 0.874687 0.059196 0.078928
0 0.392658 0.876960 0.059196 0.078928
0 0.456708 0.879233 0.059196 0.078928
0 0.520758 0.881506 0.059196 0.078928
0 0.584808 0.883778 0.059196 0.078928
0 0.648858 0.886051 0.059196 0.078928
0 0.712908 0.888324 0.059196 0.078928
0 0.776958 0.890596 0.059196 0.078928
0 0.841008 0.892869 0.059196 0.078928
