0 0.142232 0.284000 0.060097 0.080130
0 0.208461 0.283543 0.060097 0.080130
0 0.274690 0.283087 0.060097 0.080130
0 0.340919 0.282630 0.060097 0.080130
0 0.407148 0.282174 0.060097 0.080130
0 0.473377 0.281718 0.060097 0.080130
0 0.539606 0.281261 0.060097 0.080130
0 0.142749 0.371839 0.060097 0.080130
0 0.208978 0.371383 0.060097 0.080130
0 0.275207 0.370926 0.060097 0.080130
0 0.341435 0.370470 0.060097 0.080130
0 0.407664 0.370013 0.060097 0.080130
0 0.473893 0.369557 0.060097 0.080130
0 0.540122 0.369101 0.060097 0.080130
0 0.143265 0.459678 0.060097 0.080130
0 0.209494 0.459222 0.060097 0.080130
0 0.275723 0.458766 0.060097 0.080130
0 0.341952 0.458309 0.060097 0.080130
0 0.408181 0.457853 0.060097 0.080130
0 0.474410 0.457396 0.060097 0.080130
0 0.540639 0.456940 0.060097 0.080130
0 0.143782 0.547518 0.060097 0.080130
0 0.210011 0.547061 0.060097 0.080130
0 0.276240 0.546605 0.060097 0.080130
0 0.342469 0.546149 0.060097 0.080130
0 0.408698 0.545692 0.060097 0.080130
0 0.474927 0.545236 0.060097 0.080130
0 0.541156 0.544779 0.060097 0.080130
0 0.144299 0.635357 0.060097 0.080130
0 0.210528 0.634901 0.060097 0.080130
0 0.276757 0.634444 0.060097 0.080130
0 0.342986 0.633988 0.060097 0.080130
0 0.409215 0.633532 0.060097 0.080130
0 0.475444 0.633075 0.060097 0.080130
0 0.541673 0.632619 0.060097 0.080130
0 0.144816 0.723197 0.060097 0.080130
0 0.211045 0.722740 0.060097 0.080130
0 0.277274 0.722284 0.060097 0.080130
0 0.343503 0.721827 0.060097 0.080130
0 0.409732 0.721371 0.060097 0.080130
0 0.475961 0.720915 0.060097 0.080130
0 0.542190 0.720458 0.060097 0.080130
0 0.145332 0.811036 0.060097 0.080130
0 0.211561 0.810580 0.060097 0.080130
0 0.277790 0.810123 0.060097 0.080130
0 0.344019 0.809667 0.060097 0.080130
0 0.410248 0.809210 0.060097 0.080130
0 0.476477 0.808754 0.060097 0.080130
0 0.542706 0.808298 0.060097 0.080130
0 0.145849 0.898875 0.060097 0.080130
0 0.212078 0.898419 0.060097 0.080130
0 0.278307 0.897962 0.060097 0.080130
0 0.344536 0.897506 0.060097 0.080130
0 0.410765 0.897050 0.060097 0.080130
0 0.476994 0.896593 0.060097 0.080130
0 0.543223 0.896137 0.060097 0.080130
