0 0.105308 0.251782 0.064606 0.086141
0 0.181927 0.247019 0.064606 0.086141
0 0.258546 0.242255 0.064606 0.086141
0 0.335166 0.237492 0.064606 0.086141
0 0.411785 0.232728 0.064606 0.086141
0 0.488404 0.227965 0.064606 0.086141
0 0.565023 0.223201 0.064606 0.086141
0 0.641642 0.218438 0.064606 0.086141
0 0.718261 0.213674 0.064606 0.086141
0 0.794880 0.208911 0.064606 0.086141
0 0.871499 0.204147 0.064606 0.086141
0 0.108198 0.355610 0.064606 0.086141
0 0.184817 0.350847 0.064606 0.086141
0 0.261436 0.346083 0.064606 0.086141
0 0.338055 0.341320 0.064606 0.086141
0 0.414674 0.336556 0.064606 0.086141
0 0.491293 0.331793 0.064606 0.086141
0 0.567912 0.327029 0.064606 0.086141
0 0.644531 0.322266 0.064606 0.086141
0 0.721150 0.317502 0.064606 0.086141
0 0.797769 0.312739 0.064606 0.086141
0 0.874388 0.307975 0.064606 0.086141
0 0.111087 0.459438 0.064606 0.086141
0 0.187706 0.454675 0.064606 0.086141
0 0.264325 0.449911 0.064606 0.086141
0 0.340944 0.445148 0.064606 0.086141
0 0.417563 0.440384 0.064606 0.086141
0 0.494182 0.435621 0.064606 0.086141
0 0.570801 0.430857 0.064606 0.086141
0 0.647420 0.426094 0.064606 0.086141
0 0.724040 0.421330 0.064606 0.086141
0 0.800659 0.416567 0.064606 0.086141
0 0.877278 0.411803 0.064606 0.086141
0 0.113976 0.563266 0.064606 0.086141
0 0.190595 0.558502 0.064606 0.086141
0 0.267214 0.553739 0.064606 0.086141
0 0.343833 0.548975 0.064606 0.086141
0 0.420453 0.544212 0.064606 0.086141
0 0.497072 0.539448 0.064606 0.086141
0 0.573691 0.534685 0.064606 0.086141
0 0.650310 0.529922 0.064606 0.086141
0 0.726929 0.525158 0.064606 0.086141
0 0.803548 0.520395 0.064606 0.086141
0 0.880167 0.515631 0.064606 0.086141
0 0.116866 0.667094 0.064606 0.086141
0 0.193485 0.662330 0.064606 0.086141
0 0.270104 0.657567 0.064606 0.086141
0 0.346723 0.652803 0.064606 0.086141
0 0.423342 0.648040 0.064606 0.086141
0 0.499961 0.643276 0.064606 0.086141
0 0.576580 0.638513 0.064606 0.086141
0 0.653199 0.633749 0.064606 0.086141
0 0.729818 0.628986 0.064606 0.086141
0 0.806437 0.624222 0.064606 0.086141
0 0.883056 0.619459 0.064606 0.086141
0 0.119755 0.770922 0.064606 0.086141
0 0.196374 0.766158 0.064606 0.086141
0 0.272993 0.761395 0.064606 0.086141
0 0.349612 0.756631 0.064606 0.086141
0 0.426231 0.751868 0.064606 0.086141
0 0.502850 0.747104 0.064606 0.086141
0 0.579469 0.742341 0.064606 0.086141
0 0.656088 0.737577 0.064606 0.086141
0 0.732708 0.732814 0.064606 0.086141
0 0.809327 0.728050 0.064606 0.086141
0 0.885946 0.723287 0.064606 0.086141
0 0.122644 0.874749 0.064606 0.086141
0 0.199263 0.869986 0.064606 0.086141
0 0.275882 0.865223 0.064606 0.086141
0 0.352501 0.860459 0.064606 0.086141
0 0.429121 0.855696 0.064606 0.086141
0 0.505740 0.850932 0.064606 0.086141
0 0.582359 0.846169 0.064606 0.086141
0 0.658978 0.841405 0.064606 0.086141
0 0.735597 0.836642 0.064606 0.086141
0 0.812216 0.831878 0.064606 0.086141
0 0.888835 0.827115 0.064606 0.086141
0 0.125533 0.967102 0.064606 0.063191
0 0.202153 0.964721 0.064606 0.067955
0 0.278772 0.962339 0.064606 0.072718
0 0.355391 0.959957 0.064606 0.077482
0 0.432010 0.957575 0.064606 0.082245
0 0.508629 0.954760 0.064606 0.086141
0 0.585248 0.949997 0.064606 0.086141
0 0.661867 0.945233 0.064606 0.086141
0 0.738486 0.940470 0.064606 0.086141
0 0.815105 0.935706 0.064606 0.086141
0 0.891724 0.930943 0.064606 0.086141
