0 0.132312 0.240830 0.059360 0.079147
0 0.196418 0.239124 0.059360 0.079147
0 0.260524 0.237418 0.059360 0.079147
0 0.324631 0.235711 0.059360 0.079147
0 0.388737 0.234005 0.059360 0.079147
0 0.452844 0.232299 0.059360 0.079147
0 0.516950 0.230593 0.059360 0.079147
0 0.581057 0.228886 0.059360 0.079147
0 0.645163 0.227180 0.059360 0.079147
0 0.709270 0.225474 0.059360 0.079147
0 0.773376 0.223767 0.059360 0.079147
0 0.837483 0.222061 0.059360 0.079147
0 0.133716 0.325989 0.059360 0.079147
0 0.197823 0.324282 0.059360 0.079147
0 0.261929 0.322576 0.059360 0.079147
0 0.326036 0.320870 0.059360 0.079147
0 0.390142 0.319164 0.059360 0.079147
0 0.454249 0.317457 0.059360 0.079147
0 0.518355 0.315751 0.059360 0.079147
0 0.582462 0.314045 0.059360 0.079147
0 0.646568 0.312339 0.059360 0.079147
0 0.710675 0.310632 0.059360 0.079147
0 0.774781 0.308926 0.059360 0.079147
0 0.838887 0.307220 0.059360 0.079147
0 0.135121 0.411147 0.059360 0.079147
0 0.199228 0.409441 0.059360 0.079147
0 0.263334 0.407735 0.059360 0.079147
0 0.327441 0.406028 0.059360 0.079147
0 0.391547 0.404322 0.059360 0.079147
0 0.455654 0.402616 0.059360 0.079147
0 0.519760 0.400910 0.059360 0.079147
0 0.583867 0.399203 0.059360 0.079147
0 0.647973 0.397497 0.059360 0.079147
0 0.712079 0.395791 0.059360 0.079147
0 0.776186 0.394085 0.059360 0.079147
0 0.840292 0.392378 0.059360 0.079147
0 0.136526 0.496306 0.059360 0.079147
0 0.200633 0.494600 0.059360 0.079147
0 0.264739 0.492893 0.059360 0.079147
0 0.328846 0.491187 0.059360 0.079147
0 0.392952 0.489481 0.059360 0.079147
0 0.457059 0.487774 0.059360 0.079147
0 0.521165 0.486068 0.059360 0.079147
0 0.585271 0.484362 0.059360 0.079147
0 0.649378 0.482656 0.059360 0.079147
0 0.713484 0.480949 0.059360 0.079147
0 0.777591 0.479243 0.059360 0.079147
0 0.841697 0.477537 0.059360 0.079147
0 0.137931 0.581464 0.059360 0.079147
0 0.202038 0.579758 0.059360 0.079147
0 0.266144 0.578052 0.059360 0.079147
0 0.330250 0.576346 0.059360 0.079147
0 0.394357 0.574639 0.059360 0.079147
0 0.458463 0.572933 0.059360 0.079147
0 0.522570 0.571227 0.059360 0.079147
0 0.586676 0.569520 0.059360 0.079147
0 0.650783 0.567814 0.059360 0.079147
0 0.714889 0.566108 0.059360 0.079147
0 0.778996 0.564402 0.059360 0.079147
0 0.843102 0.562695 0.059360 0.079147
0 0.139336 0.666623 0.059360 0.079147
0 0.203442 0.664917 0.059360 0.079147
0 0.267549 0.663210 0.059360 0.079147
0 0.331655 0.661504 0.059360 0.079147
0 0.395762 0.659798 0.059360 0.079147
0 0.459868 0.658091 0.059360 0.079147
0 0.523975 0.656385 0.059360 0.079147
0 0.588081 0.654679 0.059360 0.079147
0 0.652188 0.652973 0.059360 0.079147
0 0.716294 0.651266 0.059360 0.079147
0 0.780401 0.649560 0.059360 0.079147
0 0.844507 0.647854 0.059360 0.079147
0 0.140741 0.751781 0.059360 0.079147
0 0.204847 0.750075 0.059360 0.079147
0 0.268954 0.748369 0.059360 0.079147
0 0.333060 0.746663 0.059360 0.079147
0 0.397167 0.744956 0.059360 0.079147
0 0.461273 0.743250 0.059360 0.079147
0 0.525380 0.741544 0.059360 0.079147
0 0.589486 0.739837 0.059360 0.079147
0 0.653593 0.738131 0.059360 0.079147
0 0.717699 0.736425 0.059360 0.079147
0 0.781805 0.734719 0.059360 0.079147
0 0.845912 0.733012 0.059360 0.079147
0 0.142146 0.836940 0.059360 0.079147
0 0.206252 0.835234 0.059360 0.079147
0 0.270359 0.833527 0.059360 0.079147
0 0.334465 0.831821 0.059360 0.079147
0 0.398572 0.830115 0.059360 0.079147
0 0.462678 0.828409 0.059360 0.079147
0 0.526785 0.826702 0.059360 0.079147
0 0.590891 0.824996 0.059360 0.079147
0 0.654997 0.823290 0.059360 0.079147
0 0.719104 0.821583 0.059360 0.079147
0 0.783210 0.819877 0.059360 0.079147
0 0.847317 0.818171 0.059360 0.079147
