0 0.153632 0.244010 0.058588 0.078118
0 0.217828 0.244041 0.058588 0.078118
0 0.282024 0.244072 0.058588 0.078118
0 0.346220 0.244103 0.058588 0.078118
0 0.410416 0.244134 0.058588 0.078118
0 0.474612 0.244164 0.058588 0.078118
0 0.538808 0.244195 0.058588 0.078118
0 0.603004 0.244226 0.058588 0.078118
0 0.667200 0.244257 0.058588 0.078118
0 0.731396 0.244288 0.058588 0.078118
0 0.153558 0.329833 0.058588 0.078118
0 0.217753 0.329864 0.058588 0.078118
0 0.281949 0.329895 0.058588 0.078118
0 0.346145 0.329926 0.058588 0.078118
0 0.410341 0.329957 0.058588 0.078118
0 0.474537 0.329987 0.058588 0.078118
0 0.538733 0.330018 0.058588 0.078118
0 0.602929 0.330049 0.058588 0.078118
0 0.667125 0.330080 0.058588 0.078118
0 0.731321 0.330111 0.058588 0.078118
0 0.153483 0.415656 0.058588 0.078118
0 0.217679 0.415687 0.058588 0.078118
0 0.281875 0.415718 0.058588 0.078118
0 0.346070 0.415749 0.058588 0.078118
0 0.410266 0.415780 0.058588 0.078118
0 0.474462 0.415810 0.058588 0.078118
0 0.538658 0.415841 0.058588 0.078118
0 0.602854 0.415872 0.058588 0.078118
0 0.667050 0.415903 0.058588 0.078118
0 0.731246 0.415934 0.058588 0.078118
0 0.153408 0.501479 0.058588 0.078118
0 0.217604 0.501510 0.058588 0.078118
0 0.281800 0.501541 0.058588 0.078118
0 0.345996 0.501572 0.058588 0.078118
0 0.410192 0.501603 0.058588 0.078118
0 0.474387 0.501633 0.058588 0.078118
0 0.538583 0.501664 0.058588 0.078118
0 0.602779 0.501695 0.058588 0.078118
0 0.666975 0.501726 0.058588 0.078118
0 0.731171 0.501757 0.058588 0.078118
0 0.153333 0.587302 0.058588 0.078118
0 0.217529 0.587333 0.058588 0.078118
0 0.281725 0.587364 0.058588 0.078118
0 0.345921 0.587395 0.058588 0.078118
0 0.410117 0.587426 0.058588 0.078118
0 0.474313 0.587456 0.058588 0.078118
0 0.538509 0.587487 0.058588 0.078118
0 0.602704 0.587518 0.058588 0.078118
0 0.666900 0.587549 0.058588 0.078118
0 0.731096 0.587580 0.058588 0.078118
0 0.153258 0.673126 0.058588 0.078118
0 0.217454 0.673156 0.058588 0.078118
0 0.281650 0.673187 0.058588 0.078118
0 0.345846 0.673218 0.058588 0.078118
0 0.410042 0.673249 0.058588 0.078118
0 0.474238 0.673279 0.058588 0.078118
0 0.538434 0.673310 0.058588 0.078118
0 0.602630 0.673341 0.058588 0.078118
0 0.666826 0.673372 0.058588 0.078118
0 0.731021 0.673403 0.058588 0.078118
0 0.153184 0.758949 0.058588 0.078118
0 0.217379 0.758979 0.058588 0.078118
0 0.281575 0.759010 0.058588 0.078118
0 0.345771 0.759041 0.058588 0.078118
0 0.409967 0.759072 0.058588 0.078118
0 0.474163 0.759103 0.058588 0.078118
0 0.538359 0.759133 0.058588 0.078118
0 0.602555 0.759164 0.058588 0.078118
0 0.666751 0.759195 0.058588 0.078118
0 0.730947 0.759226 0.058588 0.078118
0 0.153109 0.844772 0.058588 0.078118
0 0.217305 0.844802 0.058588 0.078118
0 0.281501 0.844833 0.058588 0.078118
0 0.345696 0.844864 0.058588 0.078118
0 0.409892 0.844895 0.058588 0.078118
0 0.474088 0.844926 0.058588 0.078118
0 0.538284 0.844956 0.058588 0.078118
0 0.602480 0.844987 0.058588 0.078118
0 0.666676 0.845018 0.058588 0.078118
0 0.730872 0.845049 0.058588 0.078118
