0 0.160148 0.268239 0.061640 0.082187
0 0.226386 0.268972 0.061640 0.082187
0 0.292624 0.269705 0.061640 0.082187
0 0.358862 0.270439 0.061640 0.082187
0 0.425099 0.271172 0.061640 0.082187
0 0.491337 0.271905 0.061640 0.082187
0 0.557575 0.272639 0.061640 0.082187
0 0.623813 0.273372 0.061640 0.082187
0 0.690051 0.274105 0.061640 0.082187
0 0.756289 0.274839 0.061640 0.082187
0 0.822526 0.275572 0.061640 0.082187
0 0.888764 0.276306 0.061640 0.082187
0 0.159675 0.356610 0.061640 0.082187
0 0.225913 0.357343 0.061640 0.082187
0 0.292151 0.358076 0.061640 0.082187
0 0.358389 0.358810 0.061640 0.082187
0 0.424627 0.359543 0.061640 0.082187
0 0.490864 0.360276 0.061640 0.082187
0 0.557102 0.361010 0.061640 0.082187
0 0.623340 0.361743 0.061640 0.082187
0 0.689578 0.362476 0.061640 0.082187
0 0.755816 0.363210 0.061640 0.082187
0 0.822054 0.363943 0.061640 0.082187
0 0.888291 0.364676 0.061640 0.082187
0 0.159202 0.444980 0.061640 0.082187
0 0.225440 0.445714 0.061640 0.082187
0 0.291678 0.446447 0.061640 0.082187
0 0.357916 0.447180 0.061640 0.082187
0 0.424154 0.447914 0.061640 0.082187
0 0.490391 0.448647 0.061640 0.082187
0 0.556629 0.449380 0.061640 0.082187
0 0.622867 0.450114 0.061640 0.082187
0 0.689105 0.450847 0.061640 0.082187
0 0.755343 0.451581 0.061640 0.082187
0 0.821581 0.452314 0.061640 0.082187
0 0.887818 0.453047 0.061640 0.082187
0 0.158729 0.533351 0.061640 0.082187
0 0.224967 0.534085 0.061640 0.082187
0 0.291205 0.534818 0.061640 0.082187
0 0.357443 0.535551 0.061640 0.082187
0 0.423681 0.536285 0.061640 0.082187
0 0.489919 0.537018 0.061640 0.082187
0 0.556156 0.537751 0.061640 0.082187
0 0.622394 0.538485 0.061640 0.082187
0 0.688632 0.539218 0.061640 0.082187
0 0.754870 0.539951 0.061640 0.082187
0 0.821108 0.540685 0.061640 0.082187
0 0.887345 0.541418 0.061640 0.082187
0 0.158257 0.621722 0.061640 0.082187
0 0.224494 0.622455 0.061640 0.082187
0 0.290732 0.623189 0.061640 0.082187
0 0.356970 0.623922 0.061640 0.082187
0 0.423208 0.624655 0.061640 0.082187
0 0.489446 0.625389 0.061640 0.082187
0 0.555683 0.626122 0.061640 0.082187
0 0.621921 0.626856 0.061640 0.082187
0 0.688159 0.627589 0.061640 0.082187
0 0.754397 0.628322 0.061640 0.082187
0 0.820635 0.629056 0.061640 0.082187
0 0.886873 0.629789 0.061640 0.082187
0 0.157784 0.710093 0.061640 0.082187
0 0.224021 0.710826 0.061640 0.082187
0 0.290259 0.711560 0.061640 0.082187
0 0.356497 0.712293 0.061640 0.082187
0 0.422735 0.713026 0.061640 0.082187
0 0.488973 0.713760 0.061640 0.082187
0 0.555211 0.714493 0.061640 0.082187
0 0.621448 0.715226 0.061640 0.082187
0 0.687686 0.715960 0.061640 0.082187
0 0.753924 0.716693 0.061640 0.082187
0 0.820162 0.717426 0.061640 0.082187
0 0.886400 0.718160 0.061640 0.082187
0 0.157311 0.798464 0.061640 0.082187
0 0.223549 0.799197 0.061640 0.082187
0 0.289786 0.799930 0.061640 0.082187
0 0.356024 0.800664 0.061640 0.082187
0 0.422262 0.801397 0.061640 0.082187
0 0.488500 0.802131 0.061640 0.082187
0 0.554738 0.802864 0.061640 0.082187
0 0.620975 0.803597 0.061640 0.082187
0 0.687213 0.804331 0.061640 0.082187
0 0.753451 0.805064 0.061640 0.082187
0 0.819689 0.805797 0.061640 0.082187
0 0.885927 0.806531 0.061640 0.082187
0 0.156838 0.886835 0.061640 0.082187
0 0.223076 0.887568 0.061640 0.082187
0 0.289313 0.888301 0.061640 0.082187
0 0.355551 0.889035 0.061640 0.082187
0 0.421789 0.889768 0.061640 0.082187
0 0.488027 0.890501 0.061640 0.082187
0 0.554265 0.891235 0.061640 0.082187
0 0.620503 0.891968 0.061640 0.082187
0 0.686740 0.892701 0.061640 0.082187
0 0.752978 0.893435 0.061640 0.082187
0 0.819216 0.894168 0.061640 0.082187
0 0.885454 0.894901 0.061640 0.082187
