0 0.126076 0.270703 0.061003 0.081337
0 0.191467 0.271982 0.061003 0.081337
0 0.256859 0.273260 0.061003 0.081337
0 0.322250 0.274539 0.061003 0.081337
0 0.387642 0.275817 0.061003 0.081337
0 0.453033 0.277096 0.061003 0.081337
0 0.518425 0.278375 0.061003 0.081337
0 0.124598 0.357783 0.061003 0.081337
0 0.189989 0.359062 0.061003 0.081337
0 0.255381 0.360340 0.061003 0.081337
0 0.320772 0.361619 0.061003 0.081337
0 0.386164 0.362898 0.061003 0.081337
0 0.451555 0.364176 0.061003 0.081337
0 0.516947 0.365455 0.061003 0.081337
0 0.123120 0.444863 0.061003 0.081337
0 0.188511 0.446142 0.061003 0.081337
0 0.253903 0.447421 0.061003 0.081337
0 0.319294 0.448699 0.061003 0.081337
0 0.384686 0.449978 0.061003 0.081337
0 0.450077 0.451256 0.061003 0.081337
0 0.515469 0.452535 0.061003 0.081337
0 0.121642 0.531944 0.061003 0.081337
0 0.187033 0.533222 0.061003 0.081337
0 0.252425 0.534501 0.061003 0.081337
0 0.317816 0.535779 0.061003 0.081337
0 0.383208 0.537058 0.061003 0.081337
0 0.448599 0.538336 0.061003 0.081337
0 0.513991 0.539615 0.061003 0.081337
0 0.120163 0.619024 0.061003 0.081337
0 0.185555 0.620302 0.061003 0.081337
0 0.250946 0.621581 0.061003 0.081337
0 0.316338 0.622859 0.061003 0.081337
0 0.381729 0.624138 0.061003 0.081337
0 0.447121 0.625417 0.061003 0.081337
0 0.512512 0.626695 0.061003 0.081337
0 0.118685 0.706104 0.061003 0.081337
0 0.184077 0.707382 0.061003 0.081337
0 0.249468 0.708661 0.061003 0.081337
0 0.314860 0.709940 0.061003 0.081337
0 0.380251 0.711218 0.061003 0.081337
0 0.445643 0.712497 0.061003 0.081337
0 0.511034 0.713775 0.061003 0.081337
0 0.117207 0.793184 0.061003 0.081337
0 0.182599 0.794463 0.061003 0.081337
0 0.247990 0.795741 0.061003 0.081337
0 0.313382 0.797020 0.061003 0.081337
0 0.378773 0.798298 0.061003 0.081337
0 0.444165 0.799577 0.061003 0.081337
0 0.509556 0.800856 0.061003 0.081337
0 0.115729 0.880264 0.061003 0.081337
0 0.181121 0.881543 0.061003 0.081337
0 0.246512 0.882821 0.061003 0.081337
0 0.311904 0.884100 0.061003 0.081337
0 0.377295 0.885379 0.061003 0.081337
0 0.442687 0.886657 0.061003 0.081337
0 0.508078 0.887936 0.061003 0.081337
