0 0.097549 0.201072 0.066249 0.088332
0 0.171919 0.204691 0.066249 0.088332
0 0.246289 0.208311 0.066249 0.088332
0 0.320658 0.211930 0.066249 0.088332
0 0.395028 0.215549 0.066249 0.088332
0 0.469397 0.219169 0.066249 0.088332
0 0.543767 0.222788 0.066249 0.088332
0 0.618136 0.226407 0.066249 0.088332
0 0.692506 0.230027 0.066249 0.088332
0 0.766875 0.233646 0.066249 0.088332
0 0.841245 0.237266 0.066249 0.088332
0 0.915614 0.240885 0.066249 0.088332
0 0.093898 0.305776 0.066249 0.088332
0 0.168268 0.309396 0.066249 0.088332
0 0.242637 0.313015 0.066249 0.088332
0 0.317007 0.316634 0.066249 0.088332
0 0.391376 0.320254 0.066249 0.088332
0 0.465746 0.323873 0.066249 0.088332
0 0.540115 0.327492 0.066249 0.088332
0 0.614485 0.331112 0.066249 0.088332
0 0.688854 0.334731 0.066249 0.088332
0 0.763224 0.338350 0.066249 0.088332
0 0.837593 0.341970 0.066249 0.088332
0 0.911963 0.345589 0.066249 0.088332
0 0.090247 0.410481 0.066249 0.088332
0 0.164616 0.414100 0.066249 0.088332
0 0.238986 0.417719 0.066249 0.088332
0 0.313355 0.421339 0.066249 0.088332
0 0.387725 0.424958 0.066249 0.088332
0 0.462094 0.428577 0.066249 0.088332
0 0.536464 0.432197 0.066249 0.088332
0 0.610833 0.435816 0.066249 0.088332
0 0.685203 0.439435 0.066249 0.088332
0 0.759572 0.443055 0.066249 0.088332
0 0.833942 0.446674 0.066249 0.088332
0 0.908311 0.450293 0.066249 0.088332
0 0.086595 0.515185 0.066249 0.088332
0 0.160965 0.518804 0.066249 0.088332
0 0.235334 0.522424 0.066249 0.088332
0 0.309704 0.526043 0.066249 0.088332
0 0.384073 0.529662 0.066249 0.088332
0 0.458443 0.533282 0.066249 0.088332
0 0.532812 0.536901 0.066249 0.088332
0 0.607182 0.540520 0.066249 0.088332
0 0.681551 0.544140 0.066249 0.088332
0 0.755921 0.547759 0.066249 0.088332
0 0.830290 0.551378 0.066249 0.088332
0 0.904660 0.554998 0.066249 0.088332
0 0.082944 0.619889 0.066249 0.088332
0 0.157313 0.623508 0.066249 0.088332
0 0.231683 0.627128 0.066249 0.088332
0 0.306052 0.630747 0.066249 0.088332
0 0.380422 0.634367 0.066249 0.088332
0 0.454791 0.637986 0.066249 0.088332
0 0.529161 0.641605 0.066249 0.088332
0 0.603530 0.645225 0.066249 0.088332
0 0.677900 0.648844 0.066249 0.088332
0 0.752269 0.652463 0.066249 0.088332
0 0.826639 0.656083 0.066249 0.088332
0 0.901008 0.659702 0.066249 0.088332
0 0.079292 0.724593 0.066249 0.088332
0 0.153662 0.728213 0.066249 0.088332
0 0.228031 0.731832 0.066249 0.088332
0 0.302401 0.735451 0.066249 0.088332
0 0.376770 0.739071 0.066249 0.088332
0 0.451140 0.742690 0.066249 0.088332
0 0.525509 0.746310 0.066249 0.088332
0 0.599879 0.749929 0.066249 0.088332
0 0.674248 0.753548 0.066249 0.088332
0 0.748618 0.757168 0.066249 0.088332
0 0.822987 0.760787 0.066249 0.088332
0 0.897357 0.764406 0.066249 0.088332
0 0.075641 0.829298 0.066249 0.088332
0 0.150011 0.832917 0.066249 0.088332
0 0.224380 0.836536 0.066249 0.088332
0 0.298750 0.840156 0.066249 0.088332
0 0.373119 0.843775 0.066249 0.088332
0 0.447489 0.847394 0.066249 0.088332
0 0.521858 0.851014 0.066249 0.088332
0 0.596228 0.854633 0.066249 0.088332
0 0.670597 0.858253 0.066249 0.088332
0 0.744967 0.861872 0.066249 0.088332
0 0.819336 0.865491 0.066249 0.088332
0 0.893706 0.869111 0.066249 0.088332
0 0.071990 0.934002 0.066249 0.088332
0 0.146359 0.937621 0.066249 0.088332
0 0.220729 0.941241 0.066249 0.088332
0 0.295098 0.944860 0.066249 0.088332
0 0.369468 0.948479 0.066249 0.088332
0 0.443837 0.952099 0.066249 0.088332
0 0.518207 0.955125 0.066249 0.087146
0 0.592588 0.956935 0.066249 0.083527
0 0.666978 0.958744 0.066249 0.079907
0 0.741368 0.960554 0.066249 0.076288
0 0.815758 0.962364 0.066249 0.072668
0 0.890149 0.964174 0.066249 0.069048
