0 0.154984 0.234395 0.058588 0.078118
0 0.219165 0.236218 0.058588 0.078118
0 0.283346 0.238042 0.058588 0.078118
0 0.347527 0.239865 0.058588 0.078118
0 0.411708 0.241688 0.058588 0.078118
0 0.475889 0.243512 0.058588 0.078118
0 0.540070 0.245335 0.058588 0.078118
0 0.604251 0.247158 0.058588 0.078118
0 0.668432 0.248982 0.058588 0.078118
0 0.732613 0.250805 0.058588 0.078118
0 0.152596 0.320197 0.058588 0.078118
0 0.216777 0.322020 0.058588 0.078118
0 0.280958 0.323844 0.058588 0.078118
0 0.345139 0.325667 0.058588 0.078118
0 0.409320 0.327490 0.058588 0.078118
0 0.473501 0.329314 0.058588 0.078118
0 0.537682 0.331137 0.058588 0.078118
0 0.601863 0.332960 0.058588 0.078118
0 0.666044 0.334784 0.058588 0.078118
0 0.730225 0.336607 0.058588 0.078118
0 0.150207 0.405999 0.058588 0.078118
0 0.214388 0.407822 0.058588 0.078118
0 0.278569 0.409646 0.058588 0.078118
0 0.342750 0.411469 0.058588 0.078118
0 0.406931 0.413292 0.058588 0.078118
0 0.471112 0.415116 0.058588 0.078118
0 0.535293 0.416939 0.058588 0.078118
0 0.599474 0.418763 0.058588 0.078118
0 0.663655 0.420586 0.058588 0.078118
0 0.727836 0.422409 0.058588 0.078118
0 0.147819 0.491801 0.058588 0.078118
0 0.212000 0.493625 0.058588 0.078118
0 0.276181 0.495448 0.058588 0.078118
0 0.340362 0.497271 0.058588 0.078118
0 0.404543 0.499095 0.058588 0.078118
0 0.468724 0.500918 0.058588 0.078118
0 0.532905 0.502741 0.058588 0.078118
0 0.597086 0.504565 0.058588 0.078118
0 0.661267 0.506388 0.058588 0.078118
0 0.725448 0.508211 0.058588 0.078118
0 0.145431 0.577603 0.058588 0.078118
0 0.209612 0.579427 0.058588 0.078118
0 0.273793 0.581250 0.058588 0.078118
0 0.337974 0.583073 0.058588 0.078118
0 0.402155 0.584897 0.058588 0.078118
0 0.466336 0.586720 0.058588 0.078118
0 0.530517 0.588543 0.058588 0.078118
0 0.594698 0.590367 0.058588 0.078118
0 0.658879 0.592190 0.058588 0.078118
0 0.723060 0.594013 0.058588 0.078118
0 0.143042 0.663405 0.058588 0.078118
0 0.207223 0.665229 0.058588 0.078118
0 0.271404 0.667052 0.058588 0.078118
0 0.335585 0.668875 0.058588 0.078118
0 0.399766 0.670699 0.058588 0.078118
0 0.463947 0.672522 0.058588 0.078118
0 0.528128 0.674345 0.058588 0.078118
0 0.592309 0.676169 0.058588 0.078118
0 0.656490 0.677992 0.058588 0.078118
0 0.720671 0.679816 0.058588 0.078118
0 0.140654 0.749207 0.058588 0.078118
0 0.204835 0.751031 0.058588 0.078118
0 0.269016 0.752854 0.058588 0.078118
0 0.333197 0.754678 0.058588 0.078118
0 0.397378 0.756501 0.058588 0.078118
0 0.461559 0.758324 0.058588 0.078118
0 0.525740 0.760148 0.058588 0.078118
0 0.589921 0.761971 0.058588 0.078118
0 0.654102 0.763794 0.058588 0.078118
0 0.718283 0.765618 0.058588 0.078118
0 0.138266 0.835010 0.058588 0.078118
0 0.202447 0.836833 0.058588 0.078118
0 0.266628 0.838656 0.058588 0.078118
0 0.330809 0.840480 0.058588 0.078118
0 0.394990 0.842303 0.058588 0.078118
0 0.459171 0.844126 0.058588 0.078118
0 0.523352 0.845950 0.058588 0.078118
0 0.587533 0.847773 0.058588 0.078118
0 0.651714 0.849596 0.058588 0.078118
0 0.715895 0.851420 0.058588 0.078118
