0 0.112457 0.208212 0.055016 0.073354
0 0.172014 0.208802 0.055016 0.073354
0 0.231571 0.209392 0.055016 0.073354
0 0.291128 0.209982 0.055016 0.073354
0 0.350686 0.210573 0.055016 0.073354
0 0.410243 0.211163 0.055016 0.073354
0 0.469800 0.211753 0.055016 0.073354
0 0.529357 0.212343 0.055016 0.073354
0 0.588915 0.212933 0.055016 0.073354
0 0.648472 0.213523 0.055016 0.073354
0 0.110828 0.287405 0.055016 0.073354
0 0.170385 0.287996 0.055016 0.073354
0 0.229942 0.288586 0.055016 0.073354
0 0.289499 0.289176 0.055016 0.073354
0 0.349056 0.289766 0.055016 0.073354
0 0.408614 0.290356 0.055016 0.073354
0 0.468171 0.290946 0.055016 0.073354
0 0.527728 0.291536 0.055016 0.073354
0 0.587285 0.292126 0.055016 0.073354
0 0.646842 0.292717 0.055016 0.073354
0 0.109198 0.366599 0.055016 0.073354
0 0.168755 0.367189 0.055016 0.073354
0 0.228313 0.367779 0.055016 0.073354
0 0.287870 0.368369 0.055016 0.073354
0 0.347427 0.368959 0.055016 0.073354
0 0.406984 0.369549 0.055016 0.073354
0 0.466542 0.370140 0.055016 0.073354
0 0.526099 0.370730 0.055016 0.073354
0 0.585656 0.371320 0.055016 0.073354
0 0.645213 0.371910 0.055016 0.073354
0 0.107569 0.445792 0.055016 0.073354
0 0.167126 0.446382 0.055016 0.073354
0 0.226683 0.446972 0.055016 0.073354
0 0.286241 0.447562 0.055016 0.073354
0 0.345798 0.448153 0.055016 0.073354
0 0.405355 0.448743 0.055016 0.073354
0 0.464912 0.449333 0.055016 0.073354
0 0.524470 0.449923 0.055016 0.073354
0 0.584027 0.450513 0.055016 0.073354
0 0.643584 0.451103 0.055016 0.073354
0 0.105940 0.524985 0.055016 0.073354
0 0.165497 0.525576 0.055016 0.073354
0 0.225054 0.526166 0.055016 0.073354
0 0.284611 0.526756 0.055016 0.073354
0 0.344169 0.527346 0.055016 0.073354
0 0.403726 0.527936 0.055016 0.073354
0 0.463283 0.528526 0.055016 0.073354
0 0.522840 0.529116 0.055016 0.073354
0 0.582397 0.529706 0.055016 0.073354
0 0.641955 0.530297 0.055016 0.073354
0 0.104310 0.604179 0.055016 0.073354
0 0.163868 0.604769 0.055016 0.073354
0 0.223425 0.605359 0.055016 0.073354
0 0.282982 0.605949 0.055016 0.073354
0 0.342539 0.606539 0.055016 0.073354
0 0.402097 0.607129 0.055016 0.073354
0 0.461654 0.607720 0.055016 0.073354
0 0.521211 0.608310 0.055016 0.073354
0 0.580768 0.608900 0.055016 0.073354
0 0.640325 0.609490 0.055016 0.073354
0 0.102681 0.683372 0.055016 0.073354
0 0.162238 0.683962 0.055016 0.073354
0 0.221796 0.684552 0.055016 0.073354
0 0.281353 0.685143 0.055016 0.073354
0 0.340910 0.685733 0.055016 0.073354
0 0.400467 0.686323 0.055016 0.073354
0 0.460025 0.686913 0.055016 0.073354
0 0.519582 0.687503 0.055016 0.073354
0 0.579139 0.688093 0.055016 0.073354
0 0.638696 0.688683 0.055016 0.073354
0 0.101052 0.762566 0.055016 0.073354
0 0.160609 0.763156 0.055016 0.073354
0 0.220166 0.763746 0.055016 0.073354
0 0.279724 0.764336 0.055016 0.073354
0 0.339281 0.764926 0.055016 0.073354
0 0.398838 0.765516 0.055016 0.073354
0 0.458395 0.766106 0.055016 0.073354
0 0.517953 0.766696 0.055016 0.073354
0 0.577510 0.767287 0.055016 0.073354
0 0.637067 0.767877 0.055016 0.073354
