0 0.108559 0.229969 0.055016 0.073354
0 0.168058 0.227234 0.055016 0.073354
0 0.227557 0.224498 0.055016 0.073354
0 0.287057 0.221763 0.055016 0.073354
0 0.346556 0.219028 0.055016 0.073354
0 0.406056 0.216293 0.055016 0.073354
0 0.465555 0.213558 0.055016 0.073354
0 0.525054 0.210823 0.055016 0.073354
0 0.584554 0.208088 0.055016 0.073354
0 0.644053 0.205353 0.055016 0.073354
0 0.111199 0.309134 0.055016 0.073354
0 0.170698 0.306399 0.055016 0.073354
0 0.230198 0.303664 0.055016 0.073354
0 0.289697 0.300929 0.055016 0.073354
0 0.349197 0.298194 0.055016 0.073354
0 0.408696 0.295458 0.055016 0.073354
0 0.468195 0.292723 0.055016 0.073354
0 0.527695 0.289988 0.055016 0.073354
0 0.587194 0.287253 0.055016 0.073354
0 0.646694 0.284518 0.055016 0.073354
0 0.113840 0.388299 0.055016 0.073354
0 0.173339 0.385564 0.055016 0.073354
0 0.232838 0.382829 0.055016 0.073354
0 0.292338 0.380094 0.055016 0.073354
0 0.351837 0.377359 0.055016 0.073354
0 0.411337 0.374624 0.055016 0.073354
0 0.470836 0.371889 0.055016 0.073354
0 0.530335 0.369153 0.055016 0.073354
0 0.589835 0.366418 0.055016 0.073354
0 0.649334 0.363683 0.055016 0.073354
0 0.116480 0.467464 0.055016 0.073354
0 0.175980 0.464729 0.055016 0.073354
0 0.235479 0.461994 0.055016 0.073354
0 0.294978 0.459259 0.055016 0.073354
0 0.354478 0.456524 0.055016 0.073354
0 0.413977 0.453789 0.055016 0.073354
0 0.473476 0.451054 0.055016 0.073354
0 0.532976 0.448319 0.055016 0.073354
0 0.592475 0.445584 0.055016 0.073354
0 0.651975 0.442849 0.055016 0.073354
0 0.119121 0.546629 0.055016 0.073354
0 0.178620 0.543894 0.055016 0.073354
0 0.238119 0.541159 0.055016 0.073354
0 0.297619 0.538424 0.055016 0.073354
0 0.357118 0.535689 0.055016 0.073354
0 0.416618 0.532954 0.055016 0.073354
0 0.476117 0.530219 0.055016 0.073354
0 0.535616 0.527484 0.055016 0.073354
0 0.595116 0.524749 0.055016 0.073354
0 0.654615 0.522014 0.055016 0.073354
0 0.121761 0.625794 0.055016 0.073354
0 0.181261 0.623059 0.055016 0.073354
0 0.240760 0.620324 0.055016 0.073354
0 0.300259 0.617589 0.055016 0.073354
0 0.359759 0.614854 0.055016 0.073354
0 0.419258 0.612119 0.055016 0.073354
0 0.478758 0.609384 0.055016 0.073354
0 0.538257 0.606649 0.055016 0.073354
0 0.597756 0.603914 0.055016 0.073354
0 0.657256 0.601179 0.055016 0.073354
0 0.124402 0.704959 0.055016 0.073354
0 0.183901 0.702224 0.055016 0.073354
0 0.243400 0.699489 0.055016 0.073354
0 0.302900 0.696754 0.055016 0.073354
0 0.362399 0.694019 0.055016 0.073354
0 0.421899 0.691284 0.055016 0.073354
0 0.481398 0.688549 0.055016 0.073354
0 0.540897 0.685814 0.055016 0.073354
0 0.600397 0.683079 0.055016 0.073354
0 0.659896 0.680344 0.055016 0.073354
0 0.127042 0.784124 0.055016 0.073354
0 0.186542 0.781389 0.055016 0.073354
0 0.246041 0.778654 0.055016 0.073354
0 0.305540 0.775919 0.055016 0.073354
0 0.365040 0.773184 0.055016 0.073354
0 0.424539 0.770449 0.055016 0.073354
0 0.484039 0.767714 0.055016 0.073354
0 0.543538 0.764979 0.055016 0.073354
0 0.603037 0.762244 0.055016 0.073354
0 0.662537 0.759509 0.055016 0.073354
