0 0.147824 0.202228 0.058834 0.078445
0 0.211285 0.204238 0.058834 0.078445
0 0.274747 0.206248 0.058834 0.078445
0 0.338208 0.208258 0.058834 0.078445
0 0.401669 0.210268 0.058834 0.078445
0 0.465131 0.212277 0.058834 0.078445
0 0.528592 0.214287 0.058834 0.078445
0 0.592054 0.216297 0.058834 0.078445
0 0.655515 0.218307 0.058834 0.078445
0 0.718976 0.220317 0.058834 0.078445
0 0.782438 0.222327 0.058834 0.078445
0 0.845899 0.224337 0.058834 0.078445
0 0.146431 0.286574 0.058834 0.078445
0 0.209893 0.288584 0.058834 0.078445
0 0.273354 0.290594 0.058834 0.078445
0 0.336816 0.292604 0.058834 0.078445
0 0.400277 0.294614 0.058834 0.078445
0 0.463738 0.296624 0.058834 0.078445
0 0.527200 0.298634 0.058834 0.078445
0 0.590661 0.300644 0.058834 0.078445
0 0.654123 0.302654 0.058834 0.078445
0 0.717584 0.304664 0.058834 0.078445
0 0.781045 0.306674 0.058834 0.078445
0 0.844507 0.308684 0.058834 0.078445
0 0.145039 0.370921 0.058834 0.078445
0 0.208500 0.372931 0.058834 0.078445
0 0.271962 0.374941 0.058834 0.078445
0 0.335423 0.376950 0.058834 0.078445
0 0.398885 0.378960 0.058834 0.078445
0 0.462346 0.380970 0.058834 0.078445
0 0.525807 0.382980 0.058834 0.078445
0 0.589269 0.384990 0.058834 0.078445
0 0.652730 0.387000 0.058834 0.078445
0 0.716191 0.389010 0.058834 0.078445
0 0.779653 0.391020 0.058834 0.078445
0 0.843114 0.393030 0.058834 0.078445
0 0.143647 0.455267 0.058834 0.078445
0 0.207108 0.457277 0.058834 0.078445
0 0.270569 0.459287 0.058834 0.078445
0 0.334031 0.461297 0.058834 0.078445
0 0.397492 0.463307 0.058834 0.078445
0 0.460954 0.465317 0.058834 0.078445
0 0.524415 0.467327 0.058834 0.078445
0 0.587876 0.469337 0.058834 0.078445
0 0.651338 0.471347 0.058834 0.078445
0 0.714799 0.473357 0.058834 0.078445
0 0.778260 0.475367 0.058834 0.078445
0 0.841722 0.477377 0.058834 0.078445
0 0.142254 0.539613 0.058834 0.078445
0 0.205716 0.541623 0.058834 0.078445
0 0.269177 0.543633 0.058834 0.078445
0 0.332638 0.545643 0.058834 0.078445
0 0.396100 0.547653 0.058834 0.078445
0 0.459561 0.549663 0.058834 0.078445
0 0.523022 0.551673 0.058834 0.078445
0 0.586484 0.553683 0.058834 0.078445
0 0.649945 0.555693 0.058834 0.078445
0 0.713407 0.557703 0.058834 0.078445
0 0.776868 0.559713 0.058834 0.078445
0 0.840329 0.561723 0.058834 0.078445
0 0.140862 0.623960 0.058834 0.078445
0 0.204323 0.625970 0.058834 0.078445
0 0.267785 0.627980 0.058834 0.078445
0 0.331246 0.629990 0.058834 0.078445
0 0.394707 0.632000 0.058834 0.078445
0 0.458169 0.634010 0.058834 0.078445
0 0.521630 0.636020 0.058834 0.078445
0 0.585091 0.638030 0.058834 0.078445
0 0.648553 0.640040 0.058834 0.078445
0 0.712014 0.642049 0.058834 0.078445
0 0.775476 0.644059 0.058834 0.078445
0 0.838937 0.646069 0.058834 0.078445
0 0.139469 0.708306 0.058834 0.078445
0 0.202931 0.710316 0.058834 0.078445
0 0.266392 0.712326 0.058834 0.078445
0 0.329853 0.714336 0.058834 0.078445
0 0.393315 0.716346 0.058834 0.078445
0 0.456776 0.718356 0.058834 0.078445
0 0.520238 0.720366 0.058834 0.078445
0 0.583699 0.722376 0.058834 0.078445
0 0.647160 0.724386 0.058834 0.078445
0 0.710622 0.726396 0.058834 0.078445
0 0.774083 0.728406 0.058834 0.078445
0 0.837545 0.730416 0.058834 0.078445
0 0.138077 0.792653 0.058834 0.078445
0 0.201538 0.794663 0.058834 0.078445
0 0.265000 0.796673 0.058834 0.078445
0 0.328461 0.798683 0.058834 0.078445
0 0.391922 0.800693 0.058834 0.078445
0 0.455384 0.802703 0.058834 0.078445
0 0.518845 0.804713 0.058834 0.078445
0 0.582307 0.806722 0.058834 0.078445
0 0.645768 0.808732 0.058834 0.078445
0 0.709229 0.810742 0.058834 0.078445
0 0.772691 0.812752 0.058834 0.078445
0 0.836152 0.814762 0.058834 0.078445
