0 0.147773 0.258643 0.058588 0.078118
0 0.211938 0.255985 0.058588 0.078118
0 0.276103 0.253327 0.058588 0.078118
0 0.340268 0.250670 0.058588 0.078118
0 0.404433 0.248012 0.058588 0.078118
0 0.468597 0.245354 0.058588 0.078118
0 0.532762 0.242696 0.058588 0.078118
0 0.596927 0.240038 0.058588 0.078118
0 0.661092 0.237381 0.058588 0.078118
0 0.725257 0.234723 0.058588 0.078118
0 0.149720 0.344427 0.058588 0.078118
0 0.213885 0.341769 0.058588 0.078118
0 0.278050 0.339111 0.058588 0.078118
0 0.342215 0.336453 0.058588 0.078118
0 0.406380 0.333796 0.058588 0.078118
0 0.470545 0.331138 0.058588 0.078118
0 0.534709 0.328480 0.058588 0.078118
0 0.598874 0.325822 0.058588 0.078118
0 0.663039 0.323164 0.058588 0.078118
0 0.727204 0.320507 0.058588 0.078118
0 0.151667 0.430211 0.058588 0.078118
0 0.215832 0.427553 0.058588 0.078118
0 0.279997 0.424895 0.058588 0.078118
0 0.344162 0.422237 0.058588 0.078118
0 0.408327 0.419579 0.058588 0.078118
0 0.472492 0.416922 0.058588 0.078118
0 0.536657 0.414264 0.058588 0.078118
0 0.600821 0.411606 0.058588 0.078118
0 0.664986 0.408948 0.058588 0.078118
0 0.729151 0.406290 0.058588 0.078118
0 0.153614 0.515994 0.058588 0.078118
0 0.217779 0.513337 0.058588 0.078118
0 0.281944 0.510679 0.058588 0.078118
0 0.346109 0.508021 0.058588 0.078118
0 0.410274 0.505363 0.058588 0.078118
0 0.474439 0.502705 0.058588 0.078118
0 0.538604 0.500048 0.058588 0.078118
0 0.602769 0.497390 0.058588 0.078118
0 0.666933 0.494732 0.058588 0.078118
0 0.731098 0.492074 0.058588 0.078118
0 0.155561 0.601778 0.058588 0.078118
0 0.219726 0.599120 0.058588 0.078118
0 0.283891 0.596463 0.058588 0.078118
0 0.348056 0.593805 0.058588 0.078118
0 0.412221 0.591147 0.058588 0.078118
0 0.476386 0.588489 0.058588 0.078118
0 0.540551 0.585831 0.058588 0.078118
0 0.604716 0.583174 0.058588 0.078118
0 0.668881 0.580516 0.058588 0.078118
0 0.733045 0.577858 0.058588 0.078118
0 0.157508 0.687562 0.058588 0.078118
0 0.221673 0.684904 0.058588 0.078118
0 0.285838 0.682246 0.058588 0.078118
0 0.350003 0.679589 0.058588 0.078118
0 0.414168 0.676931 0.058588 0.078118
0 0.478333 0.674273 0.058588 0.078118
0 0.542498 0.671615 0.058588 0.078118
0 0.606663 0.668957 0.058588 0.078118
0 0.670828 0.666300 0.058588 0.078118
0 0.734993 0.663642 0.058588 0.078118
0 0.159455 0.773346 0.058588 0.078118
0 0.223620 0.770688 0.058588 0.078118
0 0.287785 0.768030 0.058588 0.078118
0 0.351950 0.765372 0.058588 0.078118
0 0.416115 0.762715 0.058588 0.078118
0 0.480280 0.760057 0.058588 0.078118
0 0.544445 0.757399 0.058588 0.078118
0 0.608610 0.754741 0.058588 0.078118
0 0.672775 0.752083 0.058588 0.078118
0 0.736940 0.749426 0.058588 0.078118
0 0.161402 0.859130 0.058588 0.078118
0 0.225567 0.856472 0.058588 0.078118
0 0.289732 0.853814 0.058588 0.078118
0 0.353897 0.851156 0.058588 0.078118
0 0.418062 0.848498 0.058588 0.078118
0 0.482227 0.845841 0.058588 0.078118
0 0.546392 0.843183 0.058588 0.078118
0 0.610557 0.840525 0.058588 0.078118
0 0.674722 0.837867 0.058588 0.078118
0 0.738887 0.835209 0.058588 0.078118
