0 0.121447 0.174527 0.062469 0.096049
0 0.188983 0.169558 0.062469 0.096049
0 0.256518 0.164590 0.062469 0.096049
0 0.324053 0.159621 0.062469 0.096049
0 0.391588 0.154653 0.062469 0.096049
0 0.459124 0.149684 0.062469 0.096049
0 0.526659 0.144716 0.062469 0.096049
0 0.594194 0.139747 0.062469 0.096049
0 0.661729 0.134779 0.062469 0.096049
0 0.729265 0.129810 0.062469 0.096049
0 0.124684 0.278475 0.062469 0.096049
0 0.192219 0.273506 0.062469 0.096049
0 0.259754 0.268538 0.062469 0.096049
0 0.327289 0.263569 0.062469 0.096049
0 0.394825 0.258601 0.062469 0.096049
0 0.462360 0.253632 0.062469 0.096049
0 0.529895 0.248664 0.062469 0.096049
0 0.597430 0.243695 0.062469 0.096049
0 0.664966 0.238727 0.062469 0.096049
0 0.732501 0.233758 0.062469 0.096049
0 0.127920 0.382423 0.062469 0.096049
0 0.195455 0.377454 0.062469 0.096049
0 0.262990 0.372486 0.062469 0.096049
0 0.330526 0.367517 0.062469 0.096049
0 0.398061 0.362549 0.062469 0.096049
0 0.465596 0.357580 0.062469 0.096049
0 0.533131 0.352612 0.062469 0.096049
0 0.600667 0.347643 0.062469 0.096049
0 0.668202 0.342675 0.062469 0.096049
0 0.735737 0.337706 0.062469 0.096049
0 0.131156 0.486371 0.062469 0.096049
0 0.198691 0.481402 0.062469 0.096049
0 0.266227 0.476434 0.062469 0.096049
0 0.333762 0.471465 0.062469 0.096049
0 0.401297 0.466497 0.062469 0.096049
0 0.468832 0.461528 0.062469 0.096049
0 0.536368 0.456560 0.062469 0.096049
0 0.603903 0.451591 0.062469 0.096049
0 0.671438 0.446623 0.062469 0.096049
0 0.738973 0.441654 0.062469 0.096049
0 0.134392 0.590319 0.062469 0.096049
0 0.201928 0.585350 0.062469 0.096049
0 0.269463 0.580382 0.062469 0.096049
0 0.336998 0.575413 0.062469 0.096049
0 0.404533 0.570445 0.062469 0.096049
0 0.472069 0.565476 0.062469 0.096049
0 0.539604 0.560508 0.062469 0.096049
0 0.607139 0.555539 0.062469 0.096049
0 0.674674 0.550571 0.062469 0.096049
0 0.742210 0.545602 0.062469 0.096049
0 0.137629 0.694267 0.062469 0.096049
0 0.205164 0.689298 0.062469 0.096049
0 0.272699 0.684330 0.062469 0.096049
0 0.340234 0.679361 0.062469 0.096049
0 0.407770 0.674393 0.062469 0.096049
0 0.475305 0.669424 0.062469 0.096049
0 0.542840 0.664456 0.062469 0.096049
0 0.610375 0.659487 0.062469 0.096049
0 0.677911 0.654519 0.062469 0.096049
0 0.745446 0.649550 0.062469 0.096049
0 0.140865 0.798215 0.062469 0.096049
0 0.208400 0.793246 0.062469 0.096049
0 0.275935 0.788278 0.062469 0.096049
0 0.343471 0.783309 0.062469 0.096049
0 0.411006 0.778341 0.062469 0.096049
0 0.478541 0.773372 0.062469 0.096049
0 0.546076 0.768404 0.062469 0.096049
0 0.613612 0.763435 0.062469 0.096049
0 0.681147 0.758467 0.062469 0.096049
0 0.748682 0.753498 0.062469 0.096049
0 0.144101 0.902163 0.062469 0.096049
0 0.211636 0.897194 0.062469 0.096049
0 0.279172 0.892226 0.062469 0.096049
0 0.346707 0.887257 0.062469 0.096049
0 0.414242 0.882289 0.062469 0.096049
0 0.481777 0.877320 0.062469 0.096049
0 0.549313 0.872352 0.062469 0.096049
0 0.616848 0.867383 0.062469 0.096049
0 0.684383 0.862415 0.062469 0.096049
0 0.751918 0.857446 0.062469 0.096049
