0 0.173995 0.280197 0.057340 0.076454
0 0.235550 0.278945 0.057340 0.076454
0 0.297104 0.277693 0.057340 0.076454
0 0.358658 0.276441 0.057340 0.076454
0 0.420212 0.275190 0.057340 0.076454
0 0.481766 0.273938 0.057340 0.076454
0 0.543321 0.272686 0.057340 0.076454
0 0.604875 0.271434 0.057340 0.076454
0 0.666429 0.270182 0.057340 0.076454
0 0.727983 0.268930 0.057340 0.076454
0 0.789537 0.267678 0.057340 0.076454
0 0.851091 0.266426 0.057340 0.076454
0 0.175039 0.362415 0.057340 0.076454
0 0.236593 0.361163 0.057340 0.076454
0 0.298148 0.359911 0.057340 0.076454
0 0.359702 0.358659 0.057340 0.076454
0 0.421256 0.357407 0.057340 0.076454
0 0.482810 0.356155 0.057340 0.076454
0 0.544364 0.354903 0.057340 0.076454
0 0.605919 0.353652 0.057340 0.076454
0 0.667473 0.352400 0.057340 0.076454
0 0.729027 0.351148 0.057340 0.076454
0 0.790581 0.349896 0.057340 0.076454
0 0.852135 0.348644 0.057340 0.076454
0 0.176083 0.444632 0.057340 0.076454
0 0.237637 0.443381 0.057340 0.076454
0 0.299191 0.442129 0.057340 0.076454
0 0.360746 0.440877 0.057340 0.076454
0 0.422300 0.439625 0.057340 0.076454
0 0.483854 0.438373 0.057340 0.076454
0 0.545408 0.437121 0.057340 0.076454
0 0.606962 0.435869 0.057340 0.076454
0 0.668516 0.434617 0.057340 0.076454
0 0.730071 0.433365 0.057340 0.076454
0 0.791625 0.432114 0.057340 0.076454
0 0.853179 0.430862 0.057340 0.076454
0 0.177127 0.526850 0.057340 0.076454
0 0.238681 0.525598 0.057340 0.076454
0 0.300235 0.524346 0.057340 0.076454
0 0.361789 0.523094 0.057340 0.076454
0 0.423344 0.521843 0.057340 0.076454
0 0.484898 0.520591 0.057340 0.076454
0 0.546452 0.519339 0.057340 0.076454
0 0.608006 0.518087 0.057340 0.076454
0 0.669560 0.516835 0.057340 0.076454
0 0.731114 0.515583 0.057340 0.076454
0 0.792669 0.514331 0.057340 0.076454
0 0.854223 0.513079 0.057340 0.076454
0 0.178171 0.609068 0.057340 0.076454
0 0.239725 0.607816 0.057340 0.076454
0 0.301279 0.606564 0.057340 0.076454
0 0.362833 0.605312 0.057340 0.076454
0 0.424387 0.604060 0.057340 0.076454
0 0.485942 0.602808 0.057340 0.076454
0 0.547496 0.601556 0.057340 0.076454
0 0.609050 0.600305 0.057340 0.076454
0 0.670604 0.599053 0.057340 0.076454
0 0.732158 0.597801 0.057340 0.076454
0 0.793712 0.596549 0.057340 0.076454
0 0.855267 0.595297 0.057340 0.076454
0 0.179215 0.691285 0.057340 0.076454
0 0.240769 0.690034 0.057340 0.076454
0 0.302323 0.688782 0.057340 0.076454
0 0.363877 0.687530 0.057340 0.076454
0 0.425431 0.686278 0.057340 0.076454
0 0.486985 0.685026 0.057340 0.076454
0 0.548540 0.683774 0.057340 0.076454
0 0.610094 0.682522 0.057340 0.076454
0 0.671648 0.681270 0.057340 0.076454
0 0.733202 0.680018 0.057340 0.076454
0 0.794756 0.678767 0.057340 0.076454
0 0.856310 0.677515 0.057340 0.076454
0 0.180258 0.773503 0.057340 0.076454
0 0.241813 0.772251 0.057340 0.076454
0 0.303367 0.770999 0.057340 0.076454
0 0.364921 0.769747 0.057340 0.076454
0 0.426475 0.768496 0.057340 0.076454
0 0.488029 0.767244 0.057340 0.076454
0 0.549583 0.765992 0.057340 0.076454
0 0.611138 0.764740 0.057340 0.076454
0 0.672692 0.763488 0.057340 0.076454
0 0.734246 0.762236 0.057340 0.076454
0 0.795800 0.760984 0.057340 0.076454
0 0.857354 0.759732 0.057340 0.076454
0 0.181302 0.855721 0.057340 0.076454
0 0.242856 0.854469 0.057340 0.076454
0 0.304411 0.853217 0.057340 0.076454
0 0.365965 0.851965 0.057340 0.076454
0 0.427519 0.850713 0.057340 0.076454
0 0.489073 0.849461 0.057340 0.076454
0 0.550627 0.848209 0.057340 0.076454
0 0.612181 0.846958 0.057340 0.076454
0 0.673736 0.845706 0.057340 0.076454
0 0.735290 0.844454 0.057340 0.076454
0 0.796844 0.843202 0.057340 0.076454
0 0.858398 0.841950 0.057340 0.076454
