0 0.181497 0.261446 0.057340 0.076454
0 0.243033 0.263775 0.057340 0.076454
0 0.304570 0.266105 0.057340 0.076454
0 0.366106 0.268434 0.057340 0.076454
0 0.427643 0.270763 0.057340 0.076454
0 0.489179 0.273092 0.057340 0.076454
0 0.550716 0.275422 0.057340 0.076454
0 0.612252 0.277751 0.057340 0.076454
0 0.673789 0.280080 0.057340 0.076454
0 0.735325 0.282409 0.057340 0.076454
0 0.796862 0.284739 0.057340 0.076454
0 0.858398 0.287068 0.057340 0.076454
0 0.179850 0.343646 0.057340 0.076454
0 0.241386 0.345975 0.057340 0.076454
0 0.302923 0.348305 0.057340 0.076454
0 0.364459 0.350634 0.057340 0.076454
0 0.425996 0.352963 0.057340 0.076454
0 0.487532 0.355292 0.057340 0.076454
0 0.549069 0.357622 0.057340 0.076454
0 0.610605 0.359951 0.057340 0.076454
0 0.672142 0.362280 0.057340 0.076454
0 0.733678 0.364609 0.057340 0.076454
0 0.795215 0.366939 0.057340 0.076454
0 0.856752 0.369268 0.057340 0.076454
0 0.178203 0.425846 0.057340 0.076454
0 0.239739 0.428176 0.057340 0.076454
0 0.301276 0.430505 0.057340 0.076454
0 0.362812 0.432834 0.057340 0.076454
0 0.424349 0.435163 0.057340 0.076454
0 0.485885 0.437493 0.057340 0.076454
0 0.547422 0.439822 0.057340 0.076454
0 0.608959 0.442151 0.057340 0.076454
0 0.670495 0.444480 0.057340 0.076454
0 0.732032 0.446810 0.057340 0.076454
0 0.793568 0.449139 0.057340 0.076454
0 0.855105 0.451468 0.057340 0.076454
0 0.176556 0.508046 0.057340 0.076454
0 0.238092 0.510376 0.057340 0.076454
0 0.299629 0.512705 0.057340 0.076454
0 0.361166 0.515034 0.057340 0.076454
0 0.422702 0.517363 0.057340 0.076454
0 0.484239 0.519693 0.057340 0.076454
0 0.545775 0.522022 0.057340 0.076454
0 0.607312 0.524351 0.057340 0.076454
0 0.668848 0.526680 0.057340 0.076454
0 0.730385 0.529010 0.057340 0.076454
0 0.791921 0.531339 0.057340 0.076454
0 0.853458 0.533668 0.057340 0.076454
0 0.174909 0.590247 0.057340 0.076454
0 0.236446 0.592576 0.057340 0.076454
0 0.297982 0.594905 0.057340 0.076454
0 0.359519 0.597234 0.057340 0.076454
0 0.421055 0.599564 0.057340 0.076454
0 0.482592 0.601893 0.057340 0.076454
0 0.544128 0.604222 0.057340 0.076454
0 0.605665 0.606551 0.057340 0.076454
0 0.667201 0.608881 0.057340 0.076454
0 0.728738 0.611210 0.057340 0.076454
0 0.790274 0.613539 0.057340 0.076454
0 0.851811 0.615868 0.057340 0.076454
0 0.173262 0.672447 0.057340 0.076454
0 0.234799 0.674776 0.057340 0.076454
0 0.296335 0.677105 0.057340 0.076454
0 0.357872 0.679434 0.057340 0.076454
0 0.419408 0.681764 0.057340 0.076454
0 0.480945 0.684093 0.057340 0.076454
0 0.542481 0.686422 0.057340 0.076454
0 0.604018 0.688751 0.057340 0.076454
0 0.665554 0.691081 0.057340 0.076454
0 0.727091 0.693410 0.057340 0.076454
0 0.788628 0.695739 0.057340 0.076454
0 0.850164 0.698068 0.057340 0.076454
0 0.171615 0.754647 0.057340 0.076454
0 0.233152 0.756976 0.057340 0.076454
0 0.294688 0.759305 0.057340 0.076454
0 0.356225 0.761635 0.057340 0.076454
0 0.417761 0.763964 0.057340 0.076454
0 0.479298 0.766293 0.057340 0.076454
0 0.540834 0.768622 0.057340 0.076454
0 0.602371 0.770952 0.057340 0.076454
0 0.663908 0.773281 0.057340 0.076454
0 0.725444 0.775610 0.057340 0.076454
0 0.786981 0.777939 0.057340 0.076454
0 0.848517 0.780269 0.057340 0.076454
0 0.169968 0.836847 0.057340 0.076454
0 0.231505 0.839176 0.057340 0.076454
0 0.293041 0.841505 0.057340 0.076454
0 0.354578 0.843835 0.057340 0.076454
0 0.416115 0.846164 0.057340 0.076454
0 0.477651 0.848493 0.057340 0.076454
0 0.539188 0.850822 0.057340 0.076454
0 0.600724 0.853152 0.057340 0.076454
0 0.662261 0.855481 0.057340 0.076454
0 0.723797 0.857810 0.057340 0.076454
0 0.785334 0.860139 0.057340 0.076454
0 0.846870 0.862469 0.057340 0.076454
