0 0.105127 0.189047 0.066249 0.088332
0 0.179433 0.194916 0.066249 0.088332
0 0.253740 0.200784 0.066249 0.088332
0 0.328046 0.206653 0.066249 0.088332
0 0.402352 0.212522 0.066249 0.088332
0 0.476658 0.218390 0.066249 0.088332
0 0.550964 0.224259 0.066249 0.088332
0 0.625270 0.230127 0.066249 0.088332
0 0.699576 0.235996 0.066249 0.088332
0 0.773882 0.241865 0.066249 0.088332
0 0.848189 0.247733 0.066249 0.088332
0 0.922495 0.253602 0.066249 0.088332
0 0.100873 0.293650 0.066249 0.088332
0 0.175180 0.299518 0.066249 0.088332
0 0.249486 0.305387 0.066249 0.088332
0 0.323792 0.311255 0.066249 0.088332
0 0.398098 0.317124 0.066249 0.088332
0 0.472404 0.322993 0.066249 0.088332
0 0.546710 0.328861 0.066249 0.088332
0 0.621016 0.334730 0.066249 0.088332
0 0.695322 0.340599 0.066249 0.088332
0 0.769628 0.346467 0.066249 0.088332
0 0.843935 0.352336 0.066249 0.088332
0 0.918241 0.358204 0.066249 0.088332
0 0.096619 0.398252 0.066249 0.088332
0 0.170926 0.404121 0.066249 0.088332
0 0.245232 0.409989 0.066249 0.088332
0 0.319538 0.415858 0.066249 0.088332
0 0.393844 0.421727 0.066249 0.088332
0 0.468150 0.427595 0.066249 0.088332
0 0.542456 0.433464 0.066249 0.088332
0 0.616762 0.439332 0.066249 0.088332
0 0.691068 0.445201 0.066249 0.088332
0 0.765375 0.451070 0.066249 0.088332
0 0.839681 0.456938 0.066249 0.088332
0 0.913987 0.462807 0.066249 0.088332
0 0.092366 0.502855 0.066249 0.088332
0 0.166672 0.508723 0.066249 0.088332
0 0.240978 0.514592 0.066249 0.088332
0 0.315284 0.520461 0.066249 0.088332
0 0.389590 0.526329 0.066249 0.088332
0 0.463896 0.532198 0.066249 0.088332
0 0.538202 0.538066 0.066249 0.088332
0 0.612508 0.543935 0.066249 0.088332
0 0.686814 0.549804 0.066249 0.088332
0 0.761121 0.555672 0.066249 0.088332
0 0.835427 0.561541 0.066249 0.088332
0 0.909733 0.567409 0.066249 0.088332
0 0.088112 0.607457 0.066249 0.088332
0 0.162418 0.613326 0.066249 0.088332
0 0.236724 0.619194 0.066249 0.088332
0 0.311030 0.625063 0.066249 0.088332
0 0.385336 0.630932 0.066249 0.088332
0 0.459642 0.636800 0.066249 0.088332
0 0.533948 0.642669 0.066249 0.088332
0 0.608254 0.648538 0.066249 0.088332
0 0.682561 0.654406 0.066249 0.088332
0 0.756867 0.660275 0.066249 0.088332
0 0.831173 0.666143 0.066249 0.088332
0 0.905479 0.672012 0.066249 0.088332
0 0.083858 0.712060 0.066249 0.088332
0 0.158164 0.717928 0.066249 0.088332
0 0.232470 0.723797 0.066249 0.088332
0 0.306776 0.729666 0.066249 0.088332
0 0.381082 0.735534 0.066249 0.088332
0 0.455388 0.741403 0.066249 0.088332
0 0.529694 0.747271 0.066249 0.088332
0 0.604000 0.753140 0.066249 0.088332
0 0.678307 0.759009 0.066249 0.088332
0 0.752613 0.764877 0.066249 0.088332
0 0.826919 0.770746 0.066249 0.088332
0 0.901225 0.776615 0.066249 0.088332
0 0.079604 0.816662 0.066249 0.088332
0 0.153910 0.822531 0.066249 0.088332
0 0.228216 0.828400 0.066249 0.088332
0 0.302522 0.834268 0.066249 0.088332
0 0.376828 0.840137 0.066249 0.088332
0 0.451134 0.846005 0.066249 0.088332
0 0.525440 0.851874 0.066249 0.088332
0 0.599747 0.857743 0.066249 0.088332
0 0.674053 0.863611 0.066249 0.088332
0 0.748359 0.869480 0.066249 0.088332
0 0.822665 0.875348 0.066249 0.088332
0 0.896971 0.881217 0.066249 0.088332
0 0.075350 0.921265 0.066249 0.088332
0 0.149656 0.927133 0.066249 0.088332
0 0.223962 0.933002 0.066249 0.088332
0 0.298268 0.938871 0.066249 0.088332
0 0.372574 0.944739 0.066249 0.088332
0 0.446880 0.950608 0.066249 0.088332
0 0.521187 0.955504 0.066249 0.086388
0 0.595506 0.958439 0.066249 0.080519
0 0.669838 0.961373 0.066249 0.074649
0 0.744169 0.964308 0.066249 0.068780
0 0.818500 0.967243 0.066249 0.062911
0 0.892832 0.970177 0.066249 0.057041
