0 0.145499 0.212127 0.058834 0.078445
0 0.209001 0.212364 0.058834 0.078445
0 0.272502 0.212602 0.058834 0.078445
0 0.336004 0.212839 0.058834 0.078445
0 0.399506 0.213077 0.058834 0.078445
0 0.463007 0.213314 0.058834 0.078445
0 0.526509 0.213552 0.058834 0.078445
0 0.590011 0.213789 0.058834 0.078445
0 0.653512 0.214027 0.058834 0.078445
0 0.717014 0.214264 0.058834 0.078445
0 0.780516 0.214502 0.058834 0.078445
0 0.844017 0.214739 0.058834 0.078445
0 0.146381 0.296494 0.058834 0.078445
0 0.209882 0.296731 0.058834 0.078445
0 0.273384 0.296969 0.058834 0.078445
0 0.336886 0.297206 0.058834 0.078445
0 0.400387 0.297444 0.058834 0.078445
0 0.463889 0.297681 0.058834 0.078445
0 0.527391 0.297919 0.058834 0.078445
0 0.590892 0.298156 0.058834 0.078445
0 0.654394 0.298393 0.058834 0.078445
0 0.717896 0.298631 0.058834 0.078445
0 0.781397 0.298868 0.058834 0.078445
0 0.844899 0.299106 0.058834 0.078445
0 0.147262 0.380861 0.058834 0.078445
0 0.210764 0.381098 0.058834 0.078445
0 0.274266 0.381336 0.058834 0.078445
0 0.337767 0.381573 0.058834 0.078445
0 0.401269 0.381810 0.058834 0.078445
0 0.464771 0.382048 0.058834 0.078445
0 0.528272 0.382285 0.058834 0.078445
0 0.591774 0.382523 0.058834 0.078445
0 0.655275 0.382760 0.058834 0.078445
0 0.718777 0.382998 0.058834 0.078445
0 0.782279 0.383235 0.058834 0.078445
0 0.845780 0.383473 0.058834 0.078445
0 0.148144 0.465227 0.058834 0.078445
0 0.211646 0.465465 0.058834 0.078445
0 0.275147 0.465702 0.058834 0.078445
0 0.338649 0.465940 0.058834 0.078445
0 0.402150 0.466177 0.058834 0.078445
0 0.465652 0.466415 0.058834 0.078445
0 0.529154 0.466652 0.058834 0.078445
0 0.592655 0.466890 0.058834 0.078445
0 0.656157 0.467127 0.058834 0.078445
0 0.719659 0.467365 0.058834 0.078445
0 0.783160 0.467602 0.058834 0.078445
0 0.846662 0.467840 0.058834 0.078445
0 0.149025 0.549594 0.058834 0.078445
0 0.212527 0.549832 0.058834 0.078445
0 0.276029 0.550069 0.058834 0.078445
0 0.339530 0.550307 0.058834 0.078445
0 0.403032 0.550544 0.058834 0.078445
0 0.466534 0.550782 0.058834 0.078445
0 0.530035 0.551019 0.058834 0.078445
0 0.593537 0.551256 0.058834 0.078445
0 0.657039 0.551494 0.058834 0.078445
0 0.720540 0.551731 0.058834 0.078445
0 0.784042 0.551969 0.058834 0.078445
0 0.847544 0.552206 0.058834 0.078445
0 0.149907 0.633961 0.058834 0.078445
0 0.213409 0.634199 0.058834 0.078445
0 0.276910 0.634436 0.058834 0.078445
0 0.340412 0.634673 0.058834 0.078445
0 0.403914 0.634911 0.058834 0.078445
0 0.467415 0.635148 0.058834 0.078445
0 0.530917 0.635386 0.058834 0.078445
0 0.594419 0.635623 0.058834 0.078445
0 0.657920 0.635861 0.058834 0.078445
0 0.721422 0.636098 0.058834 0.078445
0 0.784924 0.636336 0.058834 0.078445
0 0.848425 0.636573 0.058834 0.078445
0 0.150789 0.718328 0.058834 0.078445
0 0.214290 0.718565 0.058834 0.078445
0 0.277792 0.718803 0.058834 0.078445
0 0.341294 0.719040 0.058834 0.078445
0 0.404795 0.719278 0.058834 0.078445
0 0.468297 0.719515 0.058834 0.078445
0 0.531799 0.719753 0.058834 0.078445
0 0.595300 0.719990 0.058834 0.078445
0 0.658802 0.720228 0.058834 0.078445
0 0.722304 0.720465 0.058834 0.078445
0 0.785805 0.720703 0.058834 0.078445
0 0.849307 0.720940 0.058834 0.078445
0 0.151670 0.802695 0.058834 0.078445
0 0.215172 0.802932 0.058834 0.078445
0 0.278674 0.803170 0.058834 0.078445
0 0.342175 0.803407 0.058834 0.078445
0 0.405677 0.803645 0.058834 0.078445
0 0.469179 0.803882 0.058834 0.078445
0 0.532680 0.804119 0.058834 0.078445
0 0.596182 0.804357 0.058834 0.078445
0 0.659683 0.804594 0.058834 0.078445
0 0.723185 0.804832 0.058834 0.078445
0 0.786687 0.805069 0.058834 0.078445
0 0.850188 0.805307 0.058834 0.078445
