0 0.152433 0.253738 0.058588 0.078118
0 0.216615 0.251977 0.058588 0.078118
0 0.280798 0.250215 0.058588 0.078118
0 0.344981 0.248453 0.058588 0.078118
0 0.409163 0.246691 0.058588 0.078118
0 0.473346 0.244929 0.058588 0.078118
0 0.537529 0.243168 0.058588 0.078118
0 0.601711 0.241406 0.058588 0.078118
0 0.665894 0.239644 0.058588 0.078118
0 0.730077 0.237882 0.058588 0.078118
0 0.154671 0.339545 0.058588 0.078118
0 0.218854 0.337783 0.058588 0.078118
0 0.283037 0.336021 0.058588 0.078118
0 0.347219 0.334259 0.058588 0.078118
0 0.411402 0.332498 0.058588 0.078118
0 0.475585 0.330736 0.058588 0.078118
0 0.539767 0.328974 0.058588 0.078118
0 0.603950 0.327212 0.058588 0.078118
0 0.668133 0.325450 0.058588 0.078118
0 0.732315 0.323689 0.058588 0.078118
0 0.156910 0.425351 0.058588 0.078118
0 0.221093 0.423589 0.058588 0.078118
0 0.285275 0.421827 0.058588 0.078118
0 0.349458 0.420066 0.058588 0.078118
0 0.413641 0.418304 0.058588 0.078118
0 0.477823 0.416542 0.058588 0.078118
0 0.542006 0.414780 0.058588 0.078118
0 0.606189 0.413018 0.058588 0.078118
0 0.670371 0.411257 0.058588 0.078118
0 0.734554 0.409495 0.058588 0.078118
0 0.159149 0.511157 0.058588 0.078118
0 0.223332 0.509395 0.058588 0.078118
0 0.287514 0.507634 0.058588 0.078118
0 0.351697 0.505872 0.058588 0.078118
0 0.415879 0.504110 0.058588 0.078118
0 0.480062 0.502348 0.058588 0.078118
0 0.544245 0.500587 0.058588 0.078118
0 0.608427 0.498825 0.058588 0.078118
0 0.672610 0.497063 0.058588 0.078118
0 0.736793 0.495301 0.058588 0.078118
0 0.161388 0.596963 0.058588 0.078118
0 0.225570 0.595202 0.058588 0.078118
0 0.289753 0.593440 0.058588 0.078118
0 0.353936 0.591678 0.058588 0.078118
0 0.418118 0.589916 0.058588 0.078118
0 0.482301 0.588155 0.058588 0.078118
0 0.546484 0.586393 0.058588 0.078118
0 0.610666 0.584631 0.058588 0.078118
0 0.674849 0.582869 0.058588 0.078118
0 0.739031 0.581108 0.058588 0.078118
0 0.163626 0.682770 0.058588 0.078118
0 0.227809 0.681008 0.058588 0.078118
0 0.291992 0.679246 0.058588 0.078118
0 0.356174 0.677484 0.058588 0.078118
0 0.420357 0.675723 0.058588 0.078118
0 0.484540 0.673961 0.058588 0.078118
0 0.548722 0.672199 0.058588 0.078118
0 0.612905 0.670437 0.058588 0.078118
0 0.677088 0.668676 0.058588 0.078118
0 0.741270 0.666914 0.058588 0.078118
0 0.165865 0.768576 0.058588 0.078118
0 0.230048 0.766814 0.058588 0.078118
0 0.294230 0.765052 0.058588 0.078118
0 0.358413 0.763291 0.058588 0.078118
0 0.422596 0.761529 0.058588 0.078118
0 0.486778 0.759767 0.058588 0.078118
0 0.550961 0.758005 0.058588 0.078118
0 0.615144 0.756244 0.058588 0.078118
0 0.679326 0.754482 0.058588 0.078118
0 0.743509 0.752720 0.058588 0.078118
0 0.168104 0.854382 0.058588 0.078118
0 0.232286 0.852620 0.058588 0.078118
0 0.296469 0.850859 0.058588 0.078118
0 0.360652 0.849097 0.058588 0.078118
0 0.424834 0.847335 0.058588 0.078118
0 0.489017 0.845573 0.058588 0.078118
0 0.553200 0.843812 0.058588 0.078118
0 0.617382 0.842050 0.058588 0.078118
0 0.681565 0.840288 0.058588 0.078118
0 0.745748 0.838526 0.058588 0.078118
