0 0.119985 0.196639 0.055016 0.073354
0 0.179505 0.199030 0.055016 0.073354
0 0.239024 0.201421 0.055016 0.073354
0 0.298544 0.203812 0.055016 0.073354
0 0.358064 0.206203 0.055016 0.073354
0 0.417584 0.208595 0.055016 0.073354
0 0.477104 0.210986 0.055016 0.073354
0 0.536623 0.213377 0.055016 0.073354
0 0.596143 0.215768 0.055016 0.073354
0 0.655663 0.218159 0.055016 0.073354
0 0.117899 0.275789 0.055016 0.073354
0 0.177419 0.278180 0.055016 0.073354
0 0.236939 0.280572 0.055016 0.073354
0 0.296459 0.282963 0.055016 0.073354
0 0.355978 0.285354 0.055016 0.073354
0 0.415498 0.287745 0.055016 0.073354
0 0.475018 0.290136 0.055016 0.073354
0 0.534538 0.292528 0.055016 0.073354
0 0.594058 0.294919 0.055016 0.073354
0 0.653577 0.297310 0.055016 0.073354
0 0.115814 0.354940 0.055016 0.073354
0 0.175333 0.357331 0.055016 0.073354
0 0.234853 0.359722 0.055016 0.073354
0 0.294373 0.362113 0.055016 0.073354
0 0.353893 0.364505 0.055016 0.073354
0 0.413413 0.366896 0.055016 0.073354
0 0.472932 0.369287 0.055016 0.073354
0 0.532452 0.371678 0.055016 0.073354
0 0.591972 0.374070 0.055016 0.073354
0 0.651492 0.376461 0.055016 0.073354
0 0.113728 0.434090 0.055016 0.073354
0 0.173248 0.436482 0.055016 0.073354
0 0.232768 0.438873 0.055016 0.073354
0 0.292287 0.441264 0.055016 0.073354
0 0.351807 0.443655 0.055016 0.073354
0 0.411327 0.446047 0.055016 0.073354
0 0.470847 0.448438 0.055016 0.073354
0 0.530366 0.450829 0.055016 0.073354
0 0.589886 0.453220 0.055016 0.073354
0 0.649406 0.455611 0.055016 0.073354
0 0.111642 0.513241 0.055016 0.073354
0 0.171162 0.515632 0.055016 0.073354
0 0.230682 0.518024 0.055016 0.073354
0 0.290202 0.520415 0.055016 0.073354
0 0.349722 0.522806 0.055016 0.073354
0 0.409241 0.525197 0.055016 0.073354
0 0.468761 0.527588 0.055016 0.073354
0 0.528281 0.529980 0.055016 0.073354
0 0.587801 0.532371 0.055016 0.073354
0 0.647320 0.534762 0.055016 0.073354
0 0.109557 0.592392 0.055016 0.073354
0 0.169077 0.594783 0.055016 0.073354
0 0.228596 0.597174 0.055016 0.073354
0 0.288116 0.599565 0.055016 0.073354
0 0.347636 0.601957 0.055016 0.073354
0 0.407156 0.604348 0.055016 0.073354
0 0.466675 0.606739 0.055016 0.073354
0 0.526195 0.609130 0.055016 0.073354
0 0.585715 0.611521 0.055016 0.073354
0 0.645235 0.613913 0.055016 0.073354
0 0.107471 0.671542 0.055016 0.073354
0 0.166991 0.673934 0.055016 0.073354
0 0.226511 0.676325 0.055016 0.073354
0 0.286031 0.678716 0.055016 0.073354
0 0.345550 0.681107 0.055016 0.073354
0 0.405070 0.683498 0.055016 0.073354
0 0.464590 0.685890 0.055016 0.073354
0 0.524110 0.688281 0.055016 0.073354
0 0.583629 0.690672 0.055016 0.073354
0 0.643149 0.693063 0.055016 0.073354
0 0.105386 0.750693 0.055016 0.073354
0 0.164905 0.753084 0.055016 0.073354
0 0.224425 0.755475 0.055016 0.073354
0 0.283945 0.757867 0.055016 0.073354
0 0.343465 0.760258 0.055016 0.073354
0 0.402984 0.762649 0.055016 0.073354
0 0.462504 0.765040 0.055016 0.073354
0 0.522024 0.767431 0.055016 0.073354
0 0.581544 0.769823 0.055016 0.073354
0 0.641064 0.772214 0.055016 0.073354
