0 0.118889 0.181662 0.062469 0.096049
0 0.186380 0.175425 0.062469 0.096049
0 0.253871 0.169188 0.062469 0.096049
0 0.321362 0.162952 0.062469 0.096049
0 0.388852 0.156715 0.062469 0.096049
0 0.456343 0.150478 0.062469 0.096049
0 0.523834 0.144242 0.062469 0.096049
0 0.591325 0.138005 0.062469 0.096049
0 0.658815 0.131768 0.062469 0.096049
0 0.726306 0.125532 0.062469 0.096049
0 0.122951 0.285541 0.062469 0.096049
0 0.190442 0.279304 0.062469 0.096049
0 0.257933 0.273068 0.062469 0.096049
0 0.325424 0.266831 0.062469 0.096049
0 0.392914 0.260594 0.062469 0.096049
0 0.460405 0.254358 0.062469 0.096049
0 0.527896 0.248121 0.062469 0.096049
0 0.595386 0.241884 0.062469 0.096049
0 0.662877 0.235648 0.062469 0.096049
0 0.730368 0.229411 0.062469 0.096049
0 0.127013 0.389421 0.062469 0.096049
0 0.194504 0.383184 0.062469 0.096049
0 0.261995 0.376947 0.062469 0.096049
0 0.329486 0.370711 0.062469 0.096049
0 0.396976 0.364474 0.062469 0.096049
0 0.464467 0.358237 0.062469 0.096049
0 0.531958 0.352000 0.062469 0.096049
0 0.599448 0.345764 0.062469 0.096049
0 0.666939 0.339527 0.062469 0.096049
0 0.734430 0.333290 0.062469 0.096049
0 0.131075 0.493300 0.062469 0.096049
0 0.198566 0.487063 0.062469 0.096049
0 0.266057 0.480827 0.062469 0.096049
0 0.333548 0.474590 0.062469 0.096049
0 0.401038 0.468353 0.062469 0.096049
0 0.468529 0.462117 0.062469 0.096049
0 0.536020 0.455880 0.062469 0.096049
0 0.603510 0.449643 0.062469 0.096049
0 0.671001 0.443407 0.062469 0.096049
0 0.738492 0.437170 0.062469 0.096049
0 0.135137 0.597179 0.062469 0.096049
0 0.202628 0.590943 0.062469 0.096049
0 0.270119 0.584706 0.062469 0.096049
0 0.337610 0.578469 0.062469 0.096049
0 0.405100 0.572233 0.062469 0.096049
0 0.472591 0.565996 0.062469 0.096049
0 0.540082 0.559759 0.062469 0.096049
0 0.607572 0.553523 0.062469 0.096049
0 0.675063 0.547286 0.062469 0.096049
0 0.742554 0.541049 0.062469 0.096049
0 0.139199 0.701059 0.062469 0.096049
0 0.206690 0.694822 0.062469 0.096049
0 0.274181 0.688586 0.062469 0.096049
0 0.341671 0.682349 0.062469 0.096049
0 0.409162 0.676112 0.062469 0.096049
0 0.476653 0.669875 0.062469 0.096049
0 0.544144 0.663639 0.062469 0.096049
0 0.611634 0.657402 0.062469 0.096049
0 0.679125 0.651165 0.062469 0.096049
0 0.746616 0.644929 0.062469 0.096049
0 0.143261 0.804938 0.062469 0.096049
0 0.210752 0.798702 0.062469 0.096049
0 0.278243 0.792465 0.062469 0.096049
0 0.345733 0.786228 0.062469 0.096049
0 0.413224 0.779992 0.062469 0.096049
0 0.480715 0.773755 0.062469 0.096049
0 0.548206 0.767518 0.062469 0.096049
0 0.615696 0.761282 0.062469 0.096049
0 0.683187 0.755045 0.062469 0.096049
0 0.750678 0.748808 0.062469 0.096049
0 0.147323 0.908818 0.062469 0.096049
0 0.214814 0.902581 0.062469 0.096049
0 0.282305 0.896344 0.062469 0.096049
0 0.349795 0.890108 0.062469 0.096049
0 0.417286 0.883871 0.062469 0.096049
0 0.484777 0.877634 0.062469 0.096049
0 0.552268 0.871398 0.062469 0.096049
0 0.619758 0.865161 0.062469 0.096049
0 0.687249 0.858924 0.062469 0.096049
0 0.754740 0.852688 0.062469 0.096049
