0 0.087270 0.241470 0.070089 0.093452
0 0.161013 0.240481 0.070089 0.093452
0 0.234755 0.239492 0.070089 0.093452
0 0.308498 0.238504 0.070089 0.093452
0 0.382240 0.237515 0.070089 0.093452
0 0.455983 0.236527 0.070089 0.093452
0 0.529726 0.235538 0.070089 0.093452
0 0.603468 0.234549 0.070089 0.093452
0 0.677211 0.233561 0.070089 0.093452
0 0.750953 0.232572 0.070089 0.093452
0 0.087935 0.340002 0.070089 0.093452
0 0.161678 0.339014 0.070089 0.093452
0 0.235420 0.338025 0.070089 0.093452
0 0.309163 0.337036 0.070089 0.093452
0 0.382905 0.336048 0.070089 0.093452
0 0.456648 0.335059 0.070089 0.093452
0 0.530391 0.334070 0.070089 0.093452
0 0.604133 0.333082 0.070089 0.093452
0 0.677876 0.332093 0.070089 0.093452
0 0.751618 0.331104 0.070089 0.093452
0 0.088600 0.438535 0.070089 0.093452
0 0.162343 0.437546 0.070089 0.093452
0 0.236085 0.436557 0.070089 0.093452
0 0.309828 0.435569 0.070089 0.093452
0 0.383570 0.434580 0.070089 0.093452
0 0.457313 0.433591 0.070089 0.093452
0 0.531056 0.432603 0.070089 0.093452
0 0.604798 0.431614 0.070089 0.093452
0 0.678541 0.430626 0.070089 0.093452
0 0.752283 0.429637 0.070089 0.093452
0 0.089265 0.537067 0.070089 0.093452
0 0.163008 0.536078 0.070089 0.093452
0 0.236750 0.535090 0.070089 0.093452
0 0.310493 0.534101 0.070089 0.093452
0 0.384236 0.533113 0.070089 0.093452
0 0.457978 0.532124 0.070089 0.093452
0 0.531721 0.531135 0.070089 0.093452
0 0.605463 0.530147 0.070089 0.093452
0 0.679206 0.529158 0.070089 0.093452
0 0.752948 0.528169 0.070089 0.093452
0 0.089930 0.635600 0.070089 0.093452
0 0.163673 0.634611 0.070089 0.093452
0 0.237415 0.633622 0.070089 0.093452
0 0.311158 0.632634 0.070089 0.093452
0 0.384901 0.631645 0.070089 0.093452
0 0.458643 0.630656 0.070089 0.093452
0 0.532386 0.629668 0.070089 0.093452
0 0.606128 0.628679 0.070089 0.093452
0 0.679871 0.627690 0.070089 0.093452
0 0.753614 0.626702 0.070089 0.093452
0 0.090595 0.734132 0.070089 0.093452
0 0.164338 0.733143 0.070089 0.093452
0 0.238080 0.732155 0.070089 0.093452
0 0.311823 0.731166 0.070089 0.093452
0 0.385566 0.730177 0.070089 0.093452
0 0.459308 0.729189 0.070089 0.093452
0 0.533051 0.728200 0.070089 0.093452
0 0.606793 0.727211 0.070089 0.093452
0 0.680536 0.726223 0.070089 0.093452
0 0.754279 0.725234 0.070089 0.093452
0 0.091260 0.832664 0.070089 0.093452
0 0.165003 0.831676 0.070089 0.093452
0 0.238746 0.830687 0.070089 0.093452
0 0.312488 0.829698 0.070089 0.093452
0 0.386231 0.828710 0.070089 0.093452
0 0.459973 0.827721 0.070089 0.093452
0 0.533716 0.826733 0.070089 0.093452
0 0.607458 0.825744 0.070089 0.093452
0 0.681201 0.824755 0.070089 0.093452
0 0.754944 0.823767 0.070089 0.093452
0 0.091925 0.931197 0.070089 0.093452
0 0.165668 0.930208 0.070089 0.093452
0 0.239411 0.929220 0.070089 0.093452
0 0.313153 0.928231 0.070089 0.093452
0 0.386896 0.927242 0.070089 0.093452
0 0.460638 0.926254 0.070089 0.093452
0 0.534381 0.925265 0.070089 0.093452
0 0.608124 0.924276 0.070089 0.093452
0 0.681866 0.923288 0.070089 0.093452
0 0.755609 0.922299 0.070089 0.093452
