0 0.167770 0.326830 0.054579 0.072771
0 0.227440 0.327310 0.054579 0.072771
0 0.287109 0.327791 0.054579 0.072771
0 0.346778 0.328271 0.054579 0.072771
0 0.406448 0.328751 0.054579 0.072771
0 0.466117 0.329232 0.054579 0.072771
0 0.525786 0.329712 0.054579 0.072771
0 0.166236 0.406197 0.054579 0.072771
0 0.225905 0.406677 0.054579 0.072771
0 0.285575 0.407157 0.054579 0.072771
0 0.345244 0.407638 0.054579 0.072771
0 0.404913 0.408118 0.054579 0.072771
0 0.464583 0.408598 0.054579 0.072771
0 0.524252 0.409079 0.054579 0.072771
0 0.164701 0.485564 0.054579 0.072771
0 0.224371 0.486044 0.054579 0.072771
0 0.284040 0.486524 0.054579 0.072771
0 0.343709 0.487004 0.054579 0.072771
0 0.403379 0.487485 0.054579 0.072771
0 0.463048 0.487965 0.054579 0.072771
0 0.522717 0.488445 0.054579 0.072771
0 0.163167 0.564930 0.054579 0.072771
0 0.222836 0.565411 0.054579 0.072771
0 0.282506 0.565891 0.054579 0.072771
0 0.342175 0.566371 0.054579 0.072771
0 0.401844 0.566852 0.054579 0.072771
0 0.461514 0.567332 0.054579 0.072771
0 0.521183 0.567812 0.054579 0.072771
0 0.161632 0.644297 0.054579 0.072771
0 0.221302 0.644777 0.054579 0.072771
0 0.280971 0.645258 0.054579 0.072771
0 0.340640 0.645738 0.054579 0.072771
0 0.400310 0.646218 0.054579 0.072771
0 0.459979 0.646699 0.054579 0.072771
0 0.519648 0.647179 0.054579 0.072771
0 0.160098 0.723664 0.054579 0.072771
0 0.219767 0.724144 0.054579 0.072771
0 0.279437 0.724624 0.054579 0.072771
0 0.339106 0.725105 0.054579 0.072771
0 0.398775 0.725585 0.054579 0.072771
0 0.458445 0.726065 0.054579 0.072771
0 0.518114 0.726546 0.054579 0.072771
0 0.158563 0.803030 0.054579 0.072771
0 0.218233 0.803511 0.054579 0.072771
0 0.277902 0.803991 0.054579 0.072771
0 0.337571 0.804471 0.054579 0.072771
0 0.397241 0.804952 0.054579 0.072771
0 0.456910 0.805432 0.054579 0.072771
0 0.516579 0.805912 0.054579 0.072771
0 0.157029 0.882397 0.054579 0.072771
0 0.216698 0.882877 0.054579 0.072771
0 0.276368 0.883358 0.054579 0.072771
0 0.336037 0.883838 0.054579 0.072771
0 0.395706 0.884318 0.054579 0.072771
0 0.455376 0.884799 0.054579 0.072771
0 0.515045 0.885279 0.054579 0.072771
