0 0.118255 0.264691 0.057632 0.076868
0 0.181153 0.265957 0.057632 0.076868
0 0.244052 0.267224 0.057632 0.076868
0 0.306950 0.268491 0.057632 0.076868
0 0.369848 0.269757 0.057632 0.076868
0 0.432746 0.271024 0.057632 0.076868
0 0.495644 0.272291 0.057632 0.076868
0 0.558542 0.273557 0.057632 0.076868
0 0.621440 0.274824 0.057632 0.076868
0 0.684338 0.276091 0.057632 0.076868
0 0.747236 0.277357 0.057632 0.076868
0 0.115593 0.348344 0.057632 0.076868
0 0.178491 0.349610 0.057632 0.076868
0 0.241389 0.350877 0.057632 0.076868
0 0.304287 0.352144 0.057632 0.076868
0 0.367185 0.353410 0.057632 0.076868
0 0.430083 0.354677 0.057632 0.076868
0 0.492981 0.355944 0.057632 0.076868
0 0.555879 0.357210 0.057632 0.076868
0 0.618777 0.358477 0.057632 0.076868
0 0.681676 0.359744 0.057632 0.076868
0 0.744574 0.361010 0.057632 0.076868
0 0.112930 0.431997 0.057632 0.076868
0 0.175828 0.433263 0.057632 0.076868
0 0.238726 0.434530 0.057632 0.076868
0 0.301624 0.435797 0.057632 0.076868
0 0.364522 0.437063 0.057632 0.076868
0 0.427420 0.438330 0.057632 0.076868
0 0.490318 0.439597 0.057632 0.076868
0 0.553217 0.440863 0.057632 0.076868
0 0.616115 0.442130 0.057632 0.076868
0 0.679013 0.443397 0.057632 0.076868
0 0.741911 0.444663 0.057632 0.076868
0 0.110267 0.515650 0.057632 0.076868
0 0.173165 0.516916 0.057632 0.076868
0 0.236063 0.518183 0.057632 0.076868
0 0.298961 0.519450 0.057632 0.076868
0 0.361860 0.520716 0.057632 0.076868
0 0.424758 0.521983 0.057632 0.076868
0 0.487656 0.523250 0.057632 0.076868
0 0.550554 0.524516 0.057632 0.076868
0 0.613452 0.525783 0.057632 0.076868
0 0.676350 0.527050 0.057632 0.076868
0 0.739248 0.528317 0.057632 0.076868
0 0.107604 0.599303 0.057632 0.076868
0 0.170502 0.600570 0.057632 0.076868
0 0.233401 0.601836 0.057632 0.076868
0 0.296299 0.603103 0.057632 0.076868
0 0.359197 0.604370 0.057632 0.076868
0 0.422095 0.605636 0.057632 0.076868
0 0.484993 0.606903 0.057632 0.076868
0 0.547891 0.608170 0.057632 0.076868
0 0.610789 0.609436 0.057632 0.076868
0 0.673687 0.610703 0.057632 0.076868
0 0.736585 0.611970 0.057632 0.076868
0 0.104942 0.682956 0.057632 0.076868
0 0.167840 0.684223 0.057632 0.076868
0 0.230738 0.685489 0.057632 0.076868
0 0.293636 0.686756 0.057632 0.076868
0 0.356534 0.688023 0.057632 0.076868
0 0.419432 0.689289 0.057632 0.076868
0 0.482330 0.690556 0.057632 0.076868
0 0.545228 0.691823 0.057632 0.076868
0 0.608126 0.693089 0.057632 0.076868
0 0.671025 0.694356 0.057632 0.076868
0 0.733923 0.695623 0.057632 0.076868
0 0.102279 0.766609 0.057632 0.076868
0 0.165177 0.767876 0.057632 0.076868
0 0.228075 0.769142 0.057632 0.076868
0 0.290973 0.770409 0.057632 0.076868
0 0.353871 0.771676 0.057632 0.076868
0 0.416769 0.772942 0.057632 0.076868
0 0.479668 0.774209 0.057632 0.076868
0 0.542566 0.775476 0.057632 0.076868
0 0.605464 0.776742 0.057632 0.076868
0 0.668362 0.778009 0.057632 0.076868
0 0.731260 0.779276 0.057632 0.076868
0 0.099616 0.850262 0.057632 0.076868
0 0.162514 0.851529 0.057632 0.076868
0 0.225412 0.852796 0.057632 0.076868
0 0.288310 0.854062 0.057632 0.076868
0 0.351209 0.855329 0.057632 0.076868
0 0.414107 0.856596 0.057632 0.076868
0 0.477005 0.857862 0.057632 0.076868
0 0.539903 0.859129 0.057632 0.076868
0 0.602801 0.860396 0.057632 0.076868
0 0.665699 0.861662 0.057632 0.076868
0 0.728597 0.862929 0.057632 0.076868
