0 0.140983 0.217124 0.058834 0.078445
0 0.204460 0.216475 0.058834 0.078445
0 0.267937 0.215826 0.058834 0.078445
0 0.331415 0.215178 0.058834 0.078445
0 0.394892 0.214529 0.058834 0.078445
0 0.458370 0.213880 0.058834 0.078445
0 0.521847 0.213231 0.058834 0.078445
0 0.585325 0.212582 0.058834 0.078445
0 0.648802 0.211933 0.058834 0.078445
0 0.712279 0.211284 0.058834 0.078445
0 0.775757 0.210635 0.058834 0.078445
0 0.839234 0.209987 0.058834 0.078445
0 0.141578 0.301487 0.058834 0.078445
0 0.205055 0.300838 0.058834 0.078445
0 0.268533 0.300190 0.058834 0.078445
0 0.332010 0.299541 0.058834 0.078445
0 0.395488 0.298892 0.058834 0.078445
0 0.458965 0.298243 0.058834 0.078445
0 0.522443 0.297594 0.058834 0.078445
0 0.585920 0.296945 0.058834 0.078445
0 0.649397 0.296296 0.058834 0.078445
0 0.712875 0.295647 0.058834 0.078445
0 0.776352 0.294999 0.058834 0.078445
0 0.839830 0.294350 0.058834 0.078445
0 0.142173 0.385850 0.058834 0.078445
0 0.205651 0.385202 0.058834 0.078445
0 0.269128 0.384553 0.058834 0.078445
0 0.332606 0.383904 0.058834 0.078445
0 0.396083 0.383255 0.058834 0.078445
0 0.459560 0.382606 0.058834 0.078445
0 0.523038 0.381957 0.058834 0.078445
0 0.586515 0.381308 0.058834 0.078445
0 0.649993 0.380659 0.058834 0.078445
0 0.713470 0.380011 0.058834 0.078445
0 0.776948 0.379362 0.058834 0.078445
0 0.840425 0.378713 0.058834 0.078445
0 0.142769 0.470214 0.058834 0.078445
0 0.206246 0.469565 0.058834 0.078445
0 0.269723 0.468916 0.058834 0.078445
0 0.333201 0.468267 0.058834 0.078445
0 0.396678 0.467618 0.058834 0.078445
0 0.460156 0.466969 0.058834 0.078445
0 0.523633 0.466320 0.058834 0.078445
0 0.587111 0.465672 0.058834 0.078445
0 0.650588 0.465023 0.058834 0.078445
0 0.714065 0.464374 0.058834 0.078445
0 0.777543 0.463725 0.058834 0.078445
0 0.841020 0.463076 0.058834 0.078445
0 0.143364 0.554577 0.058834 0.078445
0 0.206841 0.553928 0.058834 0.078445
0 0.270319 0.553279 0.058834 0.078445
0 0.333796 0.552630 0.058834 0.078445
0 0.397274 0.551981 0.058834 0.078445
0 0.460751 0.551332 0.058834 0.078445
0 0.524228 0.550684 0.058834 0.078445
0 0.587706 0.550035 0.058834 0.078445
0 0.651183 0.549386 0.058834 0.078445
0 0.714661 0.548737 0.058834 0.078445
0 0.778138 0.548088 0.058834 0.078445
0 0.841616 0.547439 0.058834 0.078445
0 0.143959 0.638940 0.058834 0.078445
0 0.207437 0.638291 0.058834 0.078445
0 0.270914 0.637642 0.058834 0.078445
0 0.334391 0.636993 0.058834 0.078445
0 0.397869 0.636344 0.058834 0.078445
0 0.461346 0.635696 0.058834 0.078445
0 0.524824 0.635047 0.058834 0.078445
0 0.588301 0.634398 0.058834 0.078445
0 0.651779 0.633749 0.058834 0.078445
0 0.715256 0.633100 0.058834 0.078445
0 0.778733 0.632451 0.058834 0.078445
0 0.842211 0.631802 0.058834 0.078445
0 0.144555 0.723303 0.058834 0.078445
0 0.208032 0.722654 0.058834 0.078445
0 0.271509 0.722005 0.058834 0.078445
0 0.334987 0.721356 0.058834 0.078445
0 0.398464 0.720708 0.058834 0.078445
0 0.461942 0.720059 0.058834 0.078445
0 0.525419 0.719410 0.058834 0.078445
0 0.588896 0.718761 0.058834 0.078445
0 0.652374 0.718112 0.058834 0.078445
0 0.715851 0.717463 0.058834 0.078445
0 0.779329 0.716814 0.058834 0.078445
0 0.842806 0.716165 0.058834 0.078445
0 0.145150 0.807666 0.058834 0.078445
0 0.208627 0.807017 0.058834 0.078445
0 0.272105 0.806368 0.058834 0.078445
0 0.335582 0.805720 0.058834 0.078445
0 0.399060 0.805071 0.058834 0.078445
0 0.462537 0.804422 0.058834 0.078445
0 0.526014 0.803773 0.058834 0.078445
0 0.589492 0.803124 0.058834 0.078445
0 0.652969 0.802475 0.058834 0.078445
0 0.716447 0.801826 0.058834 0.078445
0 0.779924 0.801177 0.058834 0.078445
0 0.843401 0.800529 0.058834 0.078445
