0 0.125440 0.253308 0.057632 0.076868
0 0.188295 0.256477 0.057632 0.076868
0 0.251150 0.259647 0.057632 0.076868
0 0.314005 0.262816 0.057632 0.076868
0 0.376860 0.265986 0.057632 0.076868
0 0.439715 0.269155 0.057632 0.076868
0 0.502569 0.272325 0.057632 0.076868
0 0.565424 0.275494 0.057632 0.076868
0 0.628279 0.278664 0.057632 0.076868
0 0.691134 0.281833 0.057632 0.076868
0 0.753989 0.285002 0.057632 0.076868
0 0.122296 0.336887 0.057632 0.076868
0 0.185151 0.340057 0.057632 0.076868
0 0.248006 0.343226 0.057632 0.076868
0 0.310861 0.346396 0.057632 0.076868
0 0.373716 0.349565 0.057632 0.076868
0 0.436571 0.352735 0.057632 0.076868
0 0.499425 0.355904 0.057632 0.076868
0 0.562280 0.359074 0.057632 0.076868
0 0.625135 0.362243 0.057632 0.076868
0 0.687990 0.365412 0.057632 0.076868
0 0.750845 0.368582 0.057632 0.076868
0 0.119152 0.420467 0.057632 0.076868
0 0.182007 0.423636 0.057632 0.076868
0 0.244862 0.426806 0.057632 0.076868
0 0.307717 0.429975 0.057632 0.076868
0 0.370572 0.433145 0.057632 0.076868
0 0.433426 0.436314 0.057632 0.076868
0 0.496281 0.439484 0.057632 0.076868
0 0.559136 0.442653 0.057632 0.076868
0 0.621991 0.445822 0.057632 0.076868
0 0.684846 0.448992 0.057632 0.076868
0 0.747701 0.452161 0.057632 0.076868
0 0.116008 0.504046 0.057632 0.076868
0 0.178863 0.507216 0.057632 0.076868
0 0.241718 0.510385 0.057632 0.076868
0 0.304573 0.513555 0.057632 0.076868
0 0.367427 0.516724 0.057632 0.076868
0 0.430282 0.519894 0.057632 0.076868
0 0.493137 0.523063 0.057632 0.076868
0 0.555992 0.526233 0.057632 0.076868
0 0.618847 0.529402 0.057632 0.076868
0 0.681702 0.532571 0.057632 0.076868
0 0.744557 0.535741 0.057632 0.076868
0 0.112864 0.587626 0.057632 0.076868
0 0.175719 0.590795 0.057632 0.076868
0 0.238574 0.593965 0.057632 0.076868
0 0.301428 0.597134 0.057632 0.076868
0 0.364283 0.600304 0.057632 0.076868
0 0.427138 0.603473 0.057632 0.076868
0 0.489993 0.606643 0.057632 0.076868
0 0.552848 0.609812 0.057632 0.076868
0 0.615703 0.612981 0.057632 0.076868
0 0.678558 0.616151 0.057632 0.076868
0 0.741412 0.619320 0.057632 0.076868
0 0.109720 0.671205 0.057632 0.076868
0 0.172575 0.674375 0.057632 0.076868
0 0.235429 0.677544 0.057632 0.076868
0 0.298284 0.680714 0.057632 0.076868
0 0.361139 0.683883 0.057632 0.076868
0 0.423994 0.687053 0.057632 0.076868
0 0.486849 0.690222 0.057632 0.076868
0 0.549704 0.693391 0.057632 0.076868
0 0.612559 0.696561 0.057632 0.076868
0 0.675414 0.699730 0.057632 0.076868
0 0.738268 0.702900 0.057632 0.076868
0 0.106576 0.754785 0.057632 0.076868
0 0.169431 0.757954 0.057632 0.076868
0 0.232285 0.761124 0.057632 0.076868
0 0.295140 0.764293 0.057632 0.076868
0 0.357995 0.767463 0.057632 0.076868
0 0.420850 0.770632 0.057632 0.076868
0 0.483705 0.773801 0.057632 0.076868
0 0.546560 0.776971 0.057632 0.076868
0 0.609415 0.780140 0.057632 0.076868
0 0.672269 0.783310 0.057632 0.076868
0 0.735124 0.786479 0.057632 0.076868
0 0.103432 0.838364 0.057632 0.076868
0 0.166286 0.841534 0.057632 0.076868
0 0.229141 0.844703 0.057632 0.076868
0 0.291996 0.847873 0.057632 0.076868
0 0.354851 0.851042 0.057632 0.076868
0 0.417706 0.854211 0.057632 0.076868
0 0.480561 0.857381 0.057632 0.076868
0 0.543416 0.860550 0.057632 0.076868
0 0.606270 0.863720 0.057632 0.076868
0 0.669125 0.866889 0.057632 0.076868
0 0.731980 0.870059 0.057632 0.076868
