0 0.110422 0.219029 0.055016 0.073354
0 0.169964 0.217956 0.055016 0.073354
0 0.229505 0.216883 0.055016 0.073354
0 0.289046 0.215811 0.055016 0.073354
0 0.348588 0.214738 0.055016 0.073354
0 0.408129 0.213665 0.055016 0.073354
0 0.467670 0.212593 0.055016 0.073354
0 0.527212 0.211520 0.055016 0.073354
0 0.586753 0.210447 0.055016 0.073354
0 0.646294 0.209374 0.055016 0.073354
0 0.110928 0.298225 0.055016 0.073354
0 0.170469 0.297153 0.055016 0.073354
0 0.230011 0.296080 0.055016 0.073354
0 0.289552 0.295007 0.055016 0.073354
0 0.349093 0.293935 0.055016 0.073354
0 0.408635 0.292862 0.055016 0.073354
0 0.468176 0.291789 0.055016 0.073354
0 0.527717 0.290716 0.055016 0.073354
0 0.587259 0.289644 0.055016 0.073354
0 0.646800 0.288571 0.055016 0.073354
0 0.111434 0.377422 0.055016 0.073354
0 0.170975 0.376349 0.055016 0.073354
0 0.230516 0.375276 0.055016 0.073354
0 0.290058 0.374204 0.055016 0.073354
0 0.349599 0.373131 0.055016 0.073354
0 0.409141 0.372058 0.055016 0.073354
0 0.468682 0.370986 0.055016 0.073354
0 0.528223 0.369913 0.055016 0.073354
0 0.587765 0.368840 0.055016 0.073354
0 0.647306 0.367768 0.055016 0.073354
0 0.111939 0.456618 0.055016 0.073354
0 0.171481 0.455546 0.055016 0.073354
0 0.231022 0.454473 0.055016 0.073354
0 0.290564 0.453400 0.055016 0.073354
0 0.350105 0.452328 0.055016 0.073354
0 0.409646 0.451255 0.055016 0.073354
0 0.469188 0.450182 0.055016 0.073354
0 0.528729 0.449110 0.055016 0.073354
0 0.588270 0.448037 0.055016 0.073354
0 0.647812 0.446964 0.055016 0.073354
0 0.112445 0.535815 0.055016 0.073354
0 0.171987 0.534742 0.055016 0.073354
0 0.231528 0.533670 0.055016 0.073354
0 0.291069 0.532597 0.055016 0.073354
0 0.350611 0.531524 0.055016 0.073354
0 0.410152 0.530452 0.055016 0.073354
0 0.469693 0.529379 0.055016 0.073354
0 0.529235 0.528306 0.055016 0.073354
0 0.588776 0.527234 0.055016 0.073354
0 0.648317 0.526161 0.055016 0.073354
0 0.112951 0.615012 0.055016 0.073354
0 0.172492 0.613939 0.055016 0.073354
0 0.232034 0.612866 0.055016 0.073354
0 0.291575 0.611794 0.055016 0.073354
0 0.351116 0.610721 0.055016 0.073354
0 0.410658 0.609648 0.055016 0.073354
0 0.470199 0.608576 0.055016 0.073354
0 0.529740 0.607503 0.055016 0.073354
0 0.589282 0.606430 0.055016 0.073354
0 0.648823 0.605357 0.055016 0.073354
0 0.113457 0.694208 0.055016 0.073354
0 0.172998 0.693136 0.055016 0.073354
0 0.232539 0.692063 0.055016 0.073354
0 0.292081 0.690990 0.055016 0.073354
0 0.351622 0.689918 0.055016 0.073354
0 0.411163 0.688845 0.055016 0.073354
0 0.470705 0.687772 0.055016 0.073354
0 0.530246 0.686699 0.055016 0.073354
0 0.589788 0.685627 0.055016 0.073354
0 0.649329 0.684554 0.055016 0.073354
0 0.113962 0.773405 0.055016 0.073354
0 0.173504 0.772332 0.055016 0.073354
0 0.233045 0.771260 0.055016 0.073354
0 0.292587 0.770187 0.055016 0.073354
0 0.352128 0.769114 0.055016 0.073354
0 0.411669 0.768041 0.055016 0.073354
0 0.471211 0.766969 0.055016 0.073354
0 0.530752 0.765896 0.055016 0.073354
0 0.590293 0.764823 0.055016 0.073354
0 0.649835 0.763751 0.055016 0.073354
