0 0.117750 0.275305 0.057632 0.076868
0 0.180649 0.274815 0.057632 0.076868
0 0.243547 0.274324 0.057632 0.076868
0 0.306446 0.273834 0.057632 0.076868
0 0.369345 0.273343 0.057632 0.076868
0 0.432243 0.272853 0.057632 0.076868
0 0.495142 0.272363 0.057632 0.076868
0 0.558041 0.271872 0.057632 0.076868
0 0.620939 0.271382 0.057632 0.076868
0 0.683838 0.270892 0.057632 0.076868
0 0.746737 0.270401 0.057632 0.076868
0 0.117342 0.358988 0.057632 0.076868
0 0.180241 0.358497 0.057632 0.076868
0 0.243140 0.358007 0.057632 0.076868
0 0.306038 0.357517 0.057632 0.076868
0 0.368937 0.357026 0.057632 0.076868
0 0.431836 0.356536 0.057632 0.076868
0 0.494734 0.356046 0.057632 0.076868
0 0.557633 0.355555 0.057632 0.076868
0 0.620532 0.355065 0.057632 0.076868
0 0.683430 0.354575 0.057632 0.076868
0 0.746329 0.354084 0.057632 0.076868
0 0.116934 0.442671 0.057632 0.076868
0 0.179833 0.442180 0.057632 0.076868
0 0.242732 0.441690 0.057632 0.076868
0 0.305630 0.441200 0.057632 0.076868
0 0.368529 0.440709 0.057632 0.076868
0 0.431428 0.440219 0.057632 0.076868
0 0.494327 0.439728 0.057632 0.076868
0 0.557225 0.439238 0.057632 0.076868
0 0.620124 0.438748 0.057632 0.076868
0 0.683023 0.438257 0.057632 0.076868
0 0.745921 0.437767 0.057632 0.076868
0 0.116527 0.526353 0.057632 0.076868
0 0.179425 0.525863 0.057632 0.076868
0 0.242324 0.525373 0.057632 0.076868
0 0.305223 0.524882 0.057632 0.076868
0 0.368121 0.524392 0.057632 0.076868
0 0.431020 0.523902 0.057632 0.076868
0 0.493919 0.523411 0.057632 0.076868
0 0.556817 0.522921 0.057632 0.076868
0 0.619716 0.522431 0.057632 0.076868
0 0.682615 0.521940 0.057632 0.076868
0 0.745514 0.521450 0.057632 0.076868
0 0.116119 0.610036 0.057632 0.076868
0 0.179018 0.609546 0.057632 0.076868
0 0.241916 0.609056 0.057632 0.076868
0 0.304815 0.608565 0.057632 0.076868
0 0.367714 0.608075 0.057632 0.076868
0 0.430612 0.607584 0.057632 0.076868
0 0.493511 0.607094 0.057632 0.076868
0 0.556410 0.606604 0.057632 0.076868
0 0.619308 0.606113 0.057632 0.076868
0 0.682207 0.605623 0.057632 0.076868
0 0.745106 0.605133 0.057632 0.076868
0 0.115711 0.693719 0.057632 0.076868
0 0.178610 0.693229 0.057632 0.076868
0 0.241509 0.692738 0.057632 0.076868
0 0.304407 0.692248 0.057632 0.076868
0 0.367306 0.691758 0.057632 0.076868
0 0.430205 0.691267 0.057632 0.076868
0 0.493103 0.690777 0.057632 0.076868
0 0.556002 0.690287 0.057632 0.076868
0 0.618901 0.689796 0.057632 0.076868
0 0.681799 0.689306 0.057632 0.076868
0 0.744698 0.688816 0.057632 0.076868
0 0.115303 0.777402 0.057632 0.076868
0 0.178202 0.776912 0.057632 0.076868
0 0.241101 0.776421 0.057632 0.076868
0 0.303999 0.775931 0.057632 0.076868
0 0.366898 0.775440 0.057632 0.076868
0 0.429797 0.774950 0.057632 0.076868
0 0.492696 0.774460 0.057632 0.076868
0 0.555594 0.773969 0.057632 0.076868
0 0.618493 0.773479 0.057632 0.076868
0 0.681392 0.772989 0.057632 0.076868
0 0.744290 0.772498 0.057632 0.076868
0 0.114896 0.861085 0.057632 0.076868
0 0.177794 0.860594 0.057632 0.076868
0 0.240693 0.860104 0.057632 0.076868
0 0.303592 0.859614 0.057632 0.076868
0 0.366490 0.859123 0.057632 0.076868
0 0.429389 0.858633 0.057632 0.076868
0 0.492288 0.858143 0.057632 0.076868
0 0.555187 0.857652 0.057632 0.076868
0 0.618085 0.857162 0.057632 0.076868
0 0.680984 0.856672 0.057632 0.076868
0 0.743883 0.856181 0.057632 0.076868
