0 0.138599 0.225559 0.059360 0.079147
0 0.202714 0.226538 0.059360 0.079147
0 0.266829 0.227518 0.059360 0.079147
0 0.330944 0.228497 0.059360 0.079147
0 0.395059 0.229477 0.059360 0.079147
0 0.459174 0.230456 0.059360 0.079147
0 0.523289 0.231435 0.059360 0.079147
0 0.587404 0.232415 0.059360 0.079147
0 0.651519 0.233394 0.059360 0.079147
0 0.715634 0.234374 0.059360 0.079147
0 0.779749 0.235353 0.059360 0.079147
0 0.843864 0.236332 0.059360 0.079147
0 0.137997 0.310734 0.059360 0.079147
0 0.202112 0.311714 0.059360 0.079147
0 0.266227 0.312693 0.059360 0.079147
0 0.330342 0.313672 0.059360 0.079147
0 0.394457 0.314652 0.059360 0.079147
0 0.458572 0.315631 0.059360 0.079147
0 0.522687 0.316611 0.059360 0.079147
0 0.586802 0.317590 0.059360 0.079147
0 0.650917 0.318570 0.059360 0.079147
0 0.715032 0.319549 0.059360 0.079147
0 0.779147 0.320528 0.059360 0.079147
0 0.843262 0.321508 0.059360 0.079147
0 0.137395 0.395910 0.059360 0.079147
0 0.201510 0.396889 0.059360 0.079147
0 0.265625 0.397868 0.059360 0.079147
0 0.329740 0.398848 0.059360 0.079147
0 0.393855 0.399827 0.059360 0.079147
0 0.457970 0.400807 0.059360 0.079147
0 0.522085 0.401786 0.059360 0.079147
0 0.586200 0.402765 0.059360 0.079147
0 0.650315 0.403745 0.059360 0.079147
0 0.714430 0.404724 0.059360 0.079147
0 0.778545 0.405704 0.059360 0.079147
0 0.842660 0.406683 0.059360 0.079147
0 0.136793 0.481085 0.059360 0.079147
0 0.200908 0.482064 0.059360 0.079147
0 0.265023 0.483044 0.059360 0.079147
0 0.329138 0.484023 0.059360 0.079147
0 0.393253 0.485003 0.059360 0.079147
0 0.457368 0.485982 0.059360 0.079147
0 0.521483 0.486961 0.059360 0.079147
0 0.585598 0.487941 0.059360 0.079147
0 0.649713 0.488920 0.059360 0.079147
0 0.713828 0.489900 0.059360 0.079147
0 0.777943 0.490879 0.059360 0.079147
0 0.842058 0.491858 0.059360 0.079147
0 0.136191 0.566260 0.059360 0.079147
0 0.200306 0.567240 0.059360 0.079147
0 0.264421 0.568219 0.059360 0.079147
0 0.328536 0.569199 0.059360 0.079147
0 0.392651 0.570178 0.059360 0.079147
0 0.456766 0.571157 0.059360 0.079147
0 0.520881 0.572137 0.059360 0.079147
0 0.584996 0.573116 0.059360 0.079147
0 0.649111 0.574096 0.059360 0.079147
0 0.713226 0.575075 0.059360 0.079147
0 0.777341 0.576054 0.059360 0.079147
0 0.841456 0.577034 0.059360 0.079147
0 0.135589 0.651436 0.059360 0.079147
0 0.199704 0.652415 0.059360 0.079147
0 0.263819 0.653394 0.059360 0.079147
0 0.327934 0.654374 0.059360 0.079147
0 0.392049 0.655353 0.059360 0.079147
0 0.456164 0.656333 0.059360 0.079147
0 0.520279 0.657312 0.059360 0.079147
0 0.584394 0.658292 0.059360 0.079147
0 0.648509 0.659271 0.059360 0.079147
0 0.712624 0.660250 0.059360 0.079147
0 0.776739 0.661230 0.059360 0.079147
0 0.840854 0.662209 0.059360 0.079147
0 0.134987 0.736611 0.059360 0.079147
0 0.199102 0.737590 0.059360 0.079147
0 0.263217 0.738570 0.059360 0.079147
0 0.327332 0.739549 0.059360 0.079147
0 0.391447 0.740529 0.059360 0.079147
0 0.455562 0.741508 0.059360 0.079147
0 0.519677 0.742488 0.059360 0.079147
0 0.583792 0.743467 0.059360 0.079147
0 0.647907 0.744446 0.059360 0.079147
0 0.712022 0.745426 0.059360 0.079147
0 0.776137 0.746405 0.059360 0.079147
0 0.840252 0.747385 0.059360 0.079147
0 0.134385 0.821786 0.059360 0.079147
0 0.198500 0.822766 0.059360 0.079147
0 0.262615 0.823745 0.059360 0.079147
0 0.326730 0.824725 0.059360 0.079147
0 0.390845 0.825704 0.059360 0.079147
0 0.454960 0.826683 0.059360 0.079147
0 0.519075 0.827663 0.059360 0.079147
0 0.583190 0.828642 0.059360 0.079147
0 0.647305 0.829622 0.059360 0.079147
0 0.711420 0.830601 0.059360 0.079147
0 0.775535 0.831581 0.059360 0.079147
0 0.839650 0.832560 0.059360 0.079147
