0 0.147921 0.204801 0.059360 0.079147
0 0.211943 0.209509 0.059360 0.079147
0 0.275965 0.214216 0.059360 0.079147
0 0.339987 0.218923 0.059360 0.079147
0 0.404009 0.223631 0.059360 0.079147
0 0.468031 0.228338 0.059360 0.079147
0 0.532052 0.233045 0.059360 0.079147
0 0.596074 0.237753 0.059360 0.079147
0 0.660096 0.242460 0.059360 0.079147
0 0.724118 0.247167 0.059360 0.079147
0 0.788140 0.251875 0.059360 0.079147
0 0.852162 0.256582 0.059360 0.079147
0 0.144533 0.289861 0.059360 0.079147
0 0.208555 0.294568 0.059360 0.079147
0 0.272577 0.299275 0.059360 0.079147
0 0.336599 0.303983 0.059360 0.079147
0 0.400621 0.308690 0.059360 0.079147
0 0.464643 0.313397 0.059360 0.079147
0 0.528665 0.318105 0.059360 0.079147
0 0.592687 0.322812 0.059360 0.079147
0 0.656709 0.327519 0.059360 0.079147
0 0.720730 0.332227 0.059360 0.079147
0 0.784752 0.336934 0.059360 0.079147
0 0.848774 0.341641 0.059360 0.079147
0 0.141145 0.374920 0.059360 0.079147
0 0.205167 0.379627 0.059360 0.079147
0 0.269189 0.384335 0.059360 0.079147
0 0.333211 0.389042 0.059360 0.079147
0 0.397233 0.393749 0.059360 0.079147
0 0.461255 0.398457 0.059360 0.079147
0 0.525277 0.403164 0.059360 0.079147
0 0.589299 0.407871 0.059360 0.079147
0 0.653321 0.412579 0.059360 0.079147
0 0.717343 0.417286 0.059360 0.079147
0 0.781365 0.421993 0.059360 0.079147
0 0.845387 0.426701 0.059360 0.079147
0 0.137757 0.459979 0.059360 0.079147
0 0.201779 0.464686 0.059360 0.079147
0 0.265801 0.469394 0.059360 0.079147
0 0.329823 0.474101 0.059360 0.079147
0 0.393845 0.478809 0.059360 0.079147
0 0.457867 0.483516 0.059360 0.079147
0 0.521889 0.488223 0.059360 0.079147
0 0.585911 0.492931 0.059360 0.079147
0 0.649933 0.497638 0.059360 0.079147
0 0.713955 0.502345 0.059360 0.079147
0 0.777977 0.507053 0.059360 0.079147
0 0.841999 0.511760 0.059360 0.079147
0 0.134369 0.545038 0.059360 0.079147
0 0.198391 0.549746 0.059360 0.079147
0 0.262413 0.554453 0.059360 0.079147
0 0.326435 0.559160 0.059360 0.079147
0 0.390457 0.563868 0.059360 0.079147
0 0.454479 0.568575 0.059360 0.079147
0 0.518501 0.573283 0.059360 0.079147
0 0.582523 0.577990 0.059360 0.079147
0 0.646545 0.582697 0.059360 0.079147
0 0.710567 0.587405 0.059360 0.079147
0 0.774589 0.592112 0.059360 0.079147
0 0.838611 0.596819 0.059360 0.079147
0 0.130981 0.630098 0.059360 0.079147
0 0.195003 0.634805 0.059360 0.079147
0 0.259025 0.639512 0.059360 0.079147
0 0.323047 0.644220 0.059360 0.079147
0 0.387069 0.648927 0.059360 0.079147
0 0.451091 0.653634 0.059360 0.079147
0 0.515113 0.658342 0.059360 0.079147
0 0.579135 0.663049 0.059360 0.079147
0 0.643157 0.667757 0.059360 0.079147
0 0.707179 0.672464 0.059360 0.079147
0 0.771201 0.677171 0.059360 0.079147
0 0.835223 0.681879 0.059360 0.079147
0 0.127593 0.715157 0.059360 0.079147
0 0.191615 0.719864 0.059360 0.079147
0 0.255637 0.724572 0.059360 0.079147
0 0.319659 0.729279 0.059360 0.079147
0 0.383681 0.733986 0.059360 0.079147
0 0.447703 0.738694 0.059360 0.079147
0 0.511725 0.743401 0.059360 0.079147
0 0.575747 0.748108 0.059360 0.079147
0 0.639769 0.752816 0.059360 0.079147
0 0.703791 0.757523 0.059360 0.079147
0 0.767813 0.762231 0.059360 0.079147
0 0.831835 0.766938 0.059360 0.079147
0 0.124206 0.800216 0.059360 0.079147
0 0.188228 0.804924 0.059360 0.079147
0 0.252249 0.809631 0.059360 0.079147
0 0.316271 0.814338 0.059360 0.079147
0 0.380293 0.819046 0.059360 0.079147
0 0.444315 0.823753 0.059360 0.079147
0 0.508337 0.828460 0.059360 0.079147
0 0.572359 0.833168 0.059360 0.079147
0 0.636381 0.837875 0.059360 0.079147
0 0.700403 0.842582 0.059360 0.079147
0 0.764425 0.847290 0.059360 0.079147
0 0.828447 0.851997 0.059360 0.079147
