0 0.102970 0.200936 0.070089 0.093452
0 0.176561 0.207323 0.070089 0.093452
0 0.250151 0.213709 0.070089 0.093452
0 0.323742 0.220095 0.070089 0.093452
0 0.397332 0.226481 0.070089 0.093452
0 0.470923 0.232868 0.070089 0.093452
0 0.544514 0.239254 0.070089 0.093452
0 0.618104 0.245640 0.070089 0.093452
0 0.691695 0.252027 0.070089 0.093452
0 0.765285 0.258413 0.070089 0.093452
0 0.098092 0.299258 0.070089 0.093452
0 0.171683 0.305644 0.070089 0.093452
0 0.245274 0.312030 0.070089 0.093452
0 0.318864 0.318417 0.070089 0.093452
0 0.392455 0.324803 0.070089 0.093452
0 0.466045 0.331189 0.070089 0.093452
0 0.539636 0.337576 0.070089 0.093452
0 0.613227 0.343962 0.070089 0.093452
0 0.686817 0.350348 0.070089 0.093452
0 0.760408 0.356735 0.070089 0.093452
0 0.093215 0.397579 0.070089 0.093452
0 0.166805 0.403966 0.070089 0.093452
0 0.240396 0.410352 0.070089 0.093452
0 0.313986 0.416738 0.070089 0.093452
0 0.387577 0.423125 0.070089 0.093452
0 0.461168 0.429511 0.070089 0.093452
0 0.534758 0.435897 0.070089 0.093452
0 0.608349 0.442284 0.070089 0.093452
0 0.681939 0.448670 0.070089 0.093452
0 0.755530 0.455056 0.070089 0.093452
0 0.088337 0.495901 0.070089 0.093452
0 0.161928 0.502287 0.070089 0.093452
0 0.235518 0.508674 0.070089 0.093452
0 0.309109 0.515060 0.070089 0.093452
0 0.382699 0.521446 0.070089 0.093452
0 0.456290 0.527832 0.070089 0.093452
0 0.529881 0.534219 0.070089 0.093452
0 0.603471 0.540605 0.070089 0.093452
0 0.677062 0.546991 0.070089 0.093452
0 0.750652 0.553378 0.070089 0.093452
0 0.083459 0.594222 0.070089 0.093452
0 0.157050 0.600609 0.070089 0.093452
0 0.230640 0.606995 0.070089 0.093452
0 0.304231 0.613381 0.070089 0.093452
0 0.377822 0.619768 0.070089 0.093452
0 0.451412 0.626154 0.070089 0.093452
0 0.525003 0.632540 0.070089 0.093452
0 0.598593 0.638927 0.070089 0.093452
0 0.672184 0.645313 0.070089 0.093452
0 0.745775 0.651699 0.070089 0.093452
0 0.078582 0.692544 0.070089 0.093452
0 0.152172 0.698930 0.070089 0.093452
0 0.225763 0.705317 0.070089 0.093452
0 0.299353 0.711703 0.070089 0.093452
0 0.372944 0.718089 0.070089 0.093452
0 0.446535 0.724476 0.070089 0.093452
0 0.520125 0.730862 0.070089 0.093452
0 0.593716 0.737248 0.070089 0.093452
0 0.667306 0.743635 0.070089 0.093452
0 0.740897 0.750021 0.070089 0.093452
0 0.073704 0.790866 0.070089 0.093452
0 0.147294 0.797252 0.070089 0.093452
0 0.220885 0.803638 0.070089 0.093452
0 0.294476 0.810025 0.070089 0.093452
0 0.368066 0.816411 0.070089 0.093452
0 0.441657 0.822797 0.070089 0.093452
0 0.515247 0.829183 0.070089 0.093452
0 0.588838 0.835570 0.070089 0.093452
0 0.662429 0.841956 0.070089 0.093452
0 0.736019 0.848342 0.070089 0.093452
0 0.068826 0.889187 0.070089 0.093452
0 0.142417 0.895574 0.070089 0.093452
0 0.216007 0.901960 0.070089 0.093452
0 0.289598 0.908346 0.070089 0.093452
0 0.363189 0.914732 0.070089 0.093452
0 0.436779 0.921119 0.070089 0.093452
0 0.510370 0.927505 0.070089 0.093452
0 0.583960 0.933891 0.070089 0.093452
0 0.657551 0.940278 0.070089 0.093452
0 0.731142 0.946664 0.070089 0.093452
