0 0.150303 0.192459 0.058834 0.078445
0 0.213696 0.196241 0.058834 0.078445
0 0.277090 0.200022 0.058834 0.078445
0 0.340483 0.203804 0.058834 0.078445
0 0.403876 0.207585 0.058834 0.078445
0 0.467269 0.211367 0.058834 0.078445
0 0.530663 0.215148 0.058834 0.078445
0 0.594056 0.218930 0.058834 0.078445
0 0.657449 0.222712 0.058834 0.078445
0 0.720843 0.226493 0.058834 0.078445
0 0.784236 0.230275 0.058834 0.078445
0 0.847629 0.234056 0.058834 0.078445
0 0.146637 0.276748 0.058834 0.078445
0 0.210031 0.280530 0.058834 0.078445
0 0.273424 0.284311 0.058834 0.078445
0 0.336817 0.288093 0.058834 0.078445
0 0.400210 0.291874 0.058834 0.078445
0 0.463604 0.295656 0.058834 0.078445
0 0.526997 0.299438 0.058834 0.078445
0 0.590390 0.303219 0.058834 0.078445
0 0.653784 0.307001 0.058834 0.078445
0 0.717177 0.310782 0.058834 0.078445
0 0.780570 0.314564 0.058834 0.078445
0 0.843963 0.318345 0.058834 0.078445
0 0.142971 0.361037 0.058834 0.078445
0 0.206365 0.364819 0.058834 0.078445
0 0.269758 0.368600 0.058834 0.078445
0 0.333151 0.372382 0.058834 0.078445
0 0.396545 0.376164 0.058834 0.078445
0 0.459938 0.379945 0.058834 0.078445
0 0.523331 0.383727 0.058834 0.078445
0 0.586724 0.387508 0.058834 0.078445
0 0.650118 0.391290 0.058834 0.078445
0 0.713511 0.395071 0.058834 0.078445
0 0.776904 0.398853 0.058834 0.078445
0 0.840298 0.402634 0.058834 0.078445
0 0.139306 0.445326 0.058834 0.078445
0 0.202699 0.449108 0.058834 0.078445
0 0.266092 0.452889 0.058834 0.078445
0 0.329485 0.456671 0.058834 0.078445
0 0.392879 0.460453 0.058834 0.078445
0 0.456272 0.464234 0.058834 0.078445
0 0.519665 0.468016 0.058834 0.078445
0 0.583059 0.471797 0.058834 0.078445
0 0.646452 0.475579 0.058834 0.078445
0 0.709845 0.479360 0.058834 0.078445
0 0.773238 0.483142 0.058834 0.078445
0 0.836632 0.486923 0.058834 0.078445
0 0.135640 0.529615 0.058834 0.078445
0 0.199033 0.533397 0.058834 0.078445
0 0.262426 0.537179 0.058834 0.078445
0 0.325820 0.540960 0.058834 0.078445
0 0.389213 0.544742 0.058834 0.078445
0 0.452606 0.548523 0.058834 0.078445
0 0.515999 0.552305 0.058834 0.078445
0 0.579393 0.556086 0.058834 0.078445
0 0.642786 0.559868 0.058834 0.078445
0 0.706179 0.563649 0.058834 0.078445
0 0.769573 0.567431 0.058834 0.078445
0 0.832966 0.571213 0.058834 0.078445
0 0.131974 0.613904 0.058834 0.078445
0 0.195367 0.617686 0.058834 0.078445
0 0.258761 0.621468 0.058834 0.078445
0 0.322154 0.625249 0.058834 0.078445
0 0.385547 0.629031 0.058834 0.078445
0 0.448940 0.632812 0.058834 0.078445
0 0.512334 0.636594 0.058834 0.078445
0 0.575727 0.640375 0.058834 0.078445
0 0.639120 0.644157 0.058834 0.078445
0 0.702514 0.647938 0.058834 0.078445
0 0.765907 0.651720 0.058834 0.078445
0 0.829300 0.655502 0.058834 0.078445
0 0.128308 0.698194 0.058834 0.078445
0 0.191701 0.701975 0.058834 0.078445
0 0.255095 0.705757 0.058834 0.078445
0 0.318488 0.709538 0.058834 0.078445
0 0.381881 0.713320 0.058834 0.078445
0 0.445275 0.717101 0.058834 0.078445
0 0.508668 0.720883 0.058834 0.078445
0 0.572061 0.724664 0.058834 0.078445
0 0.635454 0.728446 0.058834 0.078445
0 0.698848 0.732228 0.058834 0.078445
0 0.762241 0.736009 0.058834 0.078445
0 0.825634 0.739791 0.058834 0.078445
0 0.124642 0.782483 0.058834 0.078445
0 0.188036 0.786264 0.058834 0.078445
0 0.251429 0.790046 0.058834 0.078445
0 0.314822 0.793827 0.058834 0.078445
0 0.378215 0.797609 0.058834 0.078445
0 0.441609 0.801390 0.058834 0.078445
0 0.505002 0.805172 0.058834 0.078445
0 0.568395 0.808953 0.058834 0.078445
0 0.631789 0.812735 0.058834 0.078445
0 0.695182 0.816517 0.058834 0.078445
0 0.758575 0.820298 0.058834 0.078445
0 0.821968 0.824080 0.058834 0.078445
