0 0.157900 0.182029 0.058834 0.078445
0 0.221236 0.187728 0.058834 0.078445
0 0.284571 0.193427 0.058834 0.078445
0 0.347906 0.199126 0.058834 0.078445
0 0.411241 0.204824 0.058834 0.078445
0 0.474577 0.210523 0.058834 0.078445
0 0.537912 0.216222 0.058834 0.078445
0 0.601247 0.221921 0.058834 0.078445
0 0.664582 0.227620 0.058834 0.078445
0 0.727918 0.233319 0.058834 0.078445
0 0.791253 0.239018 0.058834 0.078445
0 0.854588 0.244717 0.058834 0.078445
0 0.153750 0.266214 0.058834 0.078445
0 0.217085 0.271913 0.058834 0.078445
0 0.280421 0.277612 0.058834 0.078445
0 0.343756 0.283311 0.058834 0.078445
0 0.407091 0.289010 0.058834 0.078445
0 0.470426 0.294709 0.058834 0.078445
0 0.533761 0.300407 0.058834 0.078445
0 0.597097 0.306106 0.058834 0.078445
0 0.660432 0.311805 0.058834 0.078445
0 0.723767 0.317504 0.058834 0.078445
0 0.787102 0.323203 0.058834 0.078445
0 0.850438 0.328902 0.058834 0.078445
0 0.149600 0.350399 0.058834 0.078445
0 0.212935 0.356098 0.058834 0.078445
0 0.276270 0.361797 0.058834 0.078445
0 0.339605 0.367496 0.058834 0.078445
0 0.402941 0.373195 0.058834 0.078445
0 0.466276 0.378894 0.058834 0.078445
0 0.529611 0.384593 0.058834 0.078445
0 0.592946 0.390292 0.058834 0.078445
0 0.656281 0.395990 0.058834 0.078445
0 0.719617 0.401689 0.058834 0.078445
0 0.782952 0.407388 0.058834 0.078445
0 0.846287 0.413087 0.058834 0.078445
0 0.145449 0.434584 0.058834 0.078445
0 0.208784 0.440283 0.058834 0.078445
0 0.272120 0.445982 0.058834 0.078445
0 0.335455 0.451681 0.058834 0.078445
0 0.398790 0.457380 0.058834 0.078445
0 0.462125 0.463079 0.058834 0.078445
0 0.525461 0.468778 0.058834 0.078445
0 0.588796 0.474477 0.058834 0.078445
0 0.652131 0.480176 0.058834 0.078445
0 0.715466 0.485875 0.058834 0.078445
0 0.778801 0.491573 0.058834 0.078445
0 0.842137 0.497272 0.058834 0.078445
0 0.141299 0.518770 0.058834 0.078445
0 0.204634 0.524468 0.058834 0.078445
0 0.267969 0.530167 0.058834 0.078445
0 0.331304 0.535866 0.058834 0.078445
0 0.394640 0.541565 0.058834 0.078445
0 0.457975 0.547264 0.058834 0.078445
0 0.521310 0.552963 0.058834 0.078445
0 0.584645 0.558662 0.058834 0.078445
0 0.647981 0.564361 0.058834 0.078445
0 0.711316 0.570060 0.058834 0.078445
0 0.774651 0.575759 0.058834 0.078445
0 0.837986 0.581457 0.058834 0.078445
0 0.137148 0.602955 0.058834 0.078445
0 0.200483 0.608654 0.058834 0.078445
0 0.263819 0.614353 0.058834 0.078445
0 0.327154 0.620051 0.058834 0.078445
0 0.390489 0.625750 0.058834 0.078445
0 0.453824 0.631449 0.058834 0.078445
0 0.517160 0.637148 0.058834 0.078445
0 0.580495 0.642847 0.058834 0.078445
0 0.643830 0.648546 0.058834 0.078445
0 0.707165 0.654245 0.058834 0.078445
0 0.770501 0.659944 0.058834 0.078445
0 0.833836 0.665643 0.058834 0.078445
0 0.132998 0.687140 0.058834 0.078445
0 0.196333 0.692839 0.058834 0.078445
0 0.259668 0.698538 0.058834 0.078445
0 0.323004 0.704237 0.058834 0.078445
0 0.386339 0.709936 0.058834 0.078445
0 0.449674 0.715634 0.058834 0.078445
0 0.513009 0.721333 0.058834 0.078445
0 0.576344 0.727032 0.058834 0.078445
0 0.639680 0.732731 0.058834 0.078445
0 0.703015 0.738430 0.058834 0.078445
0 0.766350 0.744129 0.058834 0.078445
0 0.829685 0.749828 0.058834 0.078445
0 0.128847 0.771325 0.058834 0.078445
0 0.192183 0.777024 0.058834 0.078445
0 0.255518 0.782723 0.058834 0.078445
0 0.318853 0.788422 0.058834 0.078445
0 0.382188 0.794121 0.058834 0.078445
0 0.445524 0.799820 0.058834 0.078445
0 0.508859 0.805519 0.058834 0.078445
0 0.572194 0.811217 0.058834 0.078445
0 0.635529 0.816916 0.058834 0.078445
0 0.698864 0.822615 0.058834 0.078445
0 0.762200 0.828314 0.058834 0.078445
0 0.825535 0.834013 0.058834 0.078445
