0 0.167115 0.299366 0.057340 0.076454
0 0.228570 0.294536 0.057340 0.076454
0 0.290024 0.289705 0.057340 0.076454
0 0.351479 0.284875 0.057340 0.076454
0 0.412934 0.280044 0.057340 0.076454
0 0.474388 0.275213 0.057340 0.076454
0 0.535843 0.270383 0.057340 0.076454
0 0.597297 0.265552 0.057340 0.076454
0 0.658752 0.260721 0.057340 0.076454
0 0.720207 0.255891 0.057340 0.076454
0 0.781661 0.251060 0.057340 0.076454
0 0.843116 0.246229 0.057340 0.076454
0 0.170848 0.381445 0.057340 0.076454
0 0.232302 0.376615 0.057340 0.076454
0 0.293757 0.371784 0.057340 0.076454
0 0.355211 0.366953 0.057340 0.076454
0 0.416666 0.362123 0.057340 0.076454
0 0.478121 0.357292 0.057340 0.076454
0 0.539575 0.352461 0.057340 0.076454
0 0.601030 0.347631 0.057340 0.076454
0 0.662485 0.342800 0.057340 0.076454
0 0.723939 0.337969 0.057340 0.076454
0 0.785394 0.333139 0.057340 0.076454
0 0.846848 0.328308 0.057340 0.076454
0 0.174580 0.463524 0.057340 0.076454
0 0.236035 0.458693 0.057340 0.076454
0 0.297489 0.453863 0.057340 0.076454
0 0.358944 0.449032 0.057340 0.076454
0 0.420399 0.444201 0.057340 0.076454
0 0.481853 0.439371 0.057340 0.076454
0 0.543308 0.434540 0.057340 0.076454
0 0.604763 0.429709 0.057340 0.076454
0 0.666217 0.424879 0.057340 0.076454
0 0.727672 0.420048 0.057340 0.076454
0 0.789126 0.415218 0.057340 0.076454
0 0.850581 0.410387 0.057340 0.076454
0 0.178313 0.545603 0.057340 0.076454
0 0.239767 0.540772 0.057340 0.076454
0 0.301222 0.535941 0.057340 0.076454
0 0.362677 0.531111 0.057340 0.076454
0 0.424131 0.526280 0.057340 0.076454
0 0.485586 0.521449 0.057340 0.076454
0 0.547040 0.516619 0.057340 0.076454
0 0.608495 0.511788 0.057340 0.076454
0 0.669950 0.506958 0.057340 0.076454
0 0.731404 0.502127 0.057340 0.076454
0 0.792859 0.497296 0.057340 0.076454
0 0.854314 0.492466 0.057340 0.076454
0 0.182045 0.627681 0.057340 0.076454
0 0.243500 0.622851 0.057340 0.076454
0 0.304954 0.618020 0.057340 0.076454
0 0.366409 0.613189 0.057340 0.076454
0 0.427864 0.608359 0.057340 0.076454
0 0.489318 0.603528 0.057340 0.076454
0 0.550773 0.598697 0.057340 0.076454
0 0.612228 0.593867 0.057340 0.076454
0 0.673682 0.589036 0.057340 0.076454
0 0.735137 0.584206 0.057340 0.076454
0 0.796591 0.579375 0.057340 0.076454
0 0.858046 0.574544 0.057340 0.076454
0 0.185778 0.709760 0.057340 0.076454
0 0.247232 0.704929 0.057340 0.076454
0 0.308687 0.700099 0.057340 0.076454
0 0.370142 0.695268 0.057340 0.076454
0 0.431596 0.690437 0.057340 0.076454
0 0.493051 0.685607 0.057340 0.076454
0 0.554506 0.680776 0.057340 0.076454
0 0.615960 0.675946 0.057340 0.076454
0 0.677415 0.671115 0.057340 0.076454
0 0.738869 0.666284 0.057340 0.076454
0 0.800324 0.661454 0.057340 0.076454
0 0.861779 0.656623 0.057340 0.076454
0 0.189510 0.791839 0.057340 0.076454
0 0.250965 0.787008 0.057340 0.076454
0 0.312420 0.782177 0.057340 0.076454
0 0.373874 0.777347 0.057340 0.076454
0 0.435329 0.772516 0.057340 0.076454
0 0.496783 0.767686 0.057340 0.076454
0 0.558238 0.762855 0.057340 0.076454
0 0.619693 0.758024 0.057340 0.076454
0 0.681147 0.753194 0.057340 0.076454
0 0.742602 0.748363 0.057340 0.076454
0 0.804057 0.743532 0.057340 0.076454
0 0.865511 0.738702 0.057340 0.076454
0 0.193243 0.873917 0.057340 0.076454
0 0.254697 0.869087 0.057340 0.076454
0 0.316152 0.864256 0.057340 0.076454
0 0.377607 0.859425 0.057340 0.076454
0 0.439061 0.854595 0.057340 0.076454
0 0.500516 0.849764 0.057340 0.076454
0 0.561971 0.844934 0.057340 0.076454
0 0.623425 0.840103 0.057340 0.076454
0 0.684880 0.835272 0.057340 0.076454
0 0.746335 0.830442 0.057340 0.076454
0 0.807789 0.825611 0.057340 0.076454
0 0.869244 0.820780 0.057340 0.076454
