0 0.103995 0.235483 0.055016 0.073354
0 0.163482 0.231917 0.055016 0.073354
0 0.222969 0.228352 0.055016 0.073354
0 0.282455 0.224786 0.055016 0.073354
0 0.341942 0.221220 0.055016 0.073354
0 0.401429 0.217654 0.055016 0.073354
0 0.460916 0.214088 0.055016 0.073354
0 0.520402 0.210523 0.055016 0.073354
0 0.579889 0.206957 0.055016 0.073354
0 0.639376 0.203391 0.055016 0.073354
0 0.106367 0.314620 0.055016 0.073354
0 0.165853 0.311054 0.055016 0.073354
0 0.225340 0.307488 0.055016 0.073354
0 0.284827 0.303922 0.055016 0.073354
0 0.344313 0.300356 0.055016 0.073354
0 0.403800 0.296791 0.055016 0.073354
0 0.463287 0.293225 0.055016 0.073354
0 0.522774 0.289659 0.055016 0.073354
0 0.582260 0.286093 0.055016 0.073354
0 0.641747 0.282527 0.055016 0.073354
0 0.108738 0.393756 0.055016 0.073354
0 0.168224 0.390190 0.055016 0.073354
0 0.227711 0.386624 0.055016 0.073354
0 0.287198 0.383058 0.055016 0.073354
0 0.346685 0.379493 0.055016 0.073354
0 0.406171 0.375927 0.055016 0.073354
0 0.465658 0.372361 0.055016 0.073354
0 0.525145 0.368795 0.055016 0.073354
0 0.584631 0.365229 0.055016 0.073354
0 0.644118 0.361664 0.055016 0.073354
0 0.111109 0.472892 0.055016 0.073354
0 0.170596 0.469326 0.055016 0.073354
0 0.230082 0.465761 0.055016 0.073354
0 0.289569 0.462195 0.055016 0.073354
0 0.349056 0.458629 0.055016 0.073354
0 0.408543 0.455063 0.055016 0.073354
0 0.468029 0.451497 0.055016 0.073354
0 0.527516 0.447932 0.055016 0.073354
0 0.587003 0.444366 0.055016 0.073354
0 0.646489 0.440800 0.055016 0.073354
0 0.113480 0.552029 0.055016 0.073354
0 0.172967 0.548463 0.055016 0.073354
0 0.232454 0.544897 0.055016 0.073354
0 0.291940 0.541331 0.055016 0.073354
0 0.351427 0.537765 0.055016 0.073354
0 0.410914 0.534200 0.055016 0.073354
0 0.470400 0.530634 0.055016 0.073354
0 0.529887 0.527068 0.055016 0.073354
0 0.589374 0.523502 0.055016 0.073354
0 0.648861 0.519936 0.055016 0.073354
0 0.115851 0.631165 0.055016 0.073354
0 0.175338 0.627599 0.055016 0.073354
0 0.234825 0.624033 0.055016 0.073354
0 0.294312 0.620467 0.055016 0.073354
0 0.353798 0.616902 0.055016 0.073354
0 0.413285 0.613336 0.055016 0.073354
0 0.472772 0.609770 0.055016 0.073354
0 0.532258 0.606204 0.055016 0.073354
0 0.591745 0.602638 0.055016 0.073354
0 0.651232 0.599073 0.055016 0.073354
0 0.118223 0.710301 0.055016 0.073354
0 0.177709 0.706735 0.055016 0.073354
0 0.237196 0.703170 0.055016 0.073354
0 0.296683 0.699604 0.055016 0.073354
0 0.356169 0.696038 0.055016 0.073354
0 0.415656 0.692472 0.055016 0.073354
0 0.475143 0.688906 0.055016 0.073354
0 0.534630 0.685341 0.055016 0.073354
0 0.594116 0.681775 0.055016 0.073354
0 0.653603 0.678209 0.055016 0.073354
0 0.120594 0.789438 0.055016 0.073354
0 0.180081 0.785872 0.055016 0.073354
0 0.239567 0.782306 0.055016 0.073354
0 0.299054 0.778740 0.055016 0.073354
0 0.358541 0.775174 0.055016 0.073354
0 0.418027 0.771609 0.055016 0.073354
0 0.477514 0.768043 0.055016 0.073354
0 0.537001 0.764477 0.055016 0.073354
0 0.596487 0.760911 0.055016 0.073354
0 0.655974 0.757345 0.055016 0.073354
