0 0.132472 0.331448 0.055297 0.073729
0 0.191465 0.327988 0.055297 0.073729
0 0.250458 0.324527 0.055297 0.073729
0 0.309451 0.321067 0.055297 0.073729
0 0.368444 0.317606 0.055297 0.073729
0 0.427437 0.314146 0.055297 0.073729
0 0.486430 0.310685 0.055297 0.073729
0 0.545422 0.307224 0.055297 0.073729
0 0.604415 0.303764 0.055297 0.073729
0 0.663408 0.300303 0.055297 0.073729
0 0.722401 0.296843 0.055297 0.073729
0 0.134239 0.410177 0.055297 0.073729
0 0.193232 0.406717 0.055297 0.073729
0 0.252225 0.403256 0.055297 0.073729
0 0.311218 0.399796 0.055297 0.073729
0 0.370211 0.396335 0.055297 0.073729
0 0.429204 0.392875 0.055297 0.073729
0 0.488196 0.389414 0.055297 0.073729
0 0.547189 0.385954 0.055297 0.073729
0 0.606182 0.382493 0.055297 0.073729
0 0.665175 0.379032 0.055297 0.073729
0 0.724168 0.375572 0.055297 0.073729
0 0.136006 0.488906 0.055297 0.073729
0 0.194999 0.485446 0.055297 0.073729
0 0.253992 0.481985 0.055297 0.073729
0 0.312985 0.478525 0.055297 0.073729
0 0.371977 0.475064 0.055297 0.073729
0 0.430970 0.471604 0.055297 0.073729
0 0.489963 0.468143 0.055297 0.073729
0 0.548956 0.464683 0.055297 0.073729
0 0.607949 0.461222 0.055297 0.073729
0 0.666942 0.457762 0.055297 0.073729
0 0.725935 0.454301 0.055297 0.073729
0 0.137773 0.567636 0.055297 0.073729
0 0.196766 0.564175 0.055297 0.073729
0 0.255759 0.560714 0.055297 0.073729
0 0.314751 0.557254 0.055297 0.073729
0 0.373744 0.553793 0.055297 0.073729
0 0.432737 0.550333 0.055297 0.073729
0 0.491730 0.546872 0.055297 0.073729
0 0.550723 0.543412 0.055297 0.073729
0 0.609716 0.539951 0.055297 0.073729
0 0.668708 0.536491 0.055297 0.073729
0 0.727701 0.533030 0.055297 0.073729
0 0.139540 0.646365 0.055297 0.073729
0 0.198533 0.642904 0.055297 0.073729
0 0.257525 0.639443 0.055297 0.073729
0 0.316518 0.635983 0.055297 0.073729
0 0.375511 0.632522 0.055297 0.073729
0 0.434504 0.629062 0.055297 0.073729
0 0.493497 0.625601 0.055297 0.073729
0 0.552490 0.622141 0.055297 0.073729
0 0.611482 0.618680 0.055297 0.073729
0 0.670475 0.615220 0.055297 0.073729
0 0.729468 0.611759 0.055297 0.073729
0 0.141306 0.725094 0.055297 0.073729
0 0.200299 0.721633 0.055297 0.073729
0 0.259292 0.718173 0.055297 0.073729
0 0.318285 0.714712 0.055297 0.073729
0 0.377278 0.711251 0.055297 0.073729
0 0.436271 0.707791 0.055297 0.073729
0 0.495264 0.704330 0.055297 0.073729
0 0.554256 0.700870 0.055297 0.073729
0 0.613249 0.697409 0.055297 0.073729
0 0.672242 0.693949 0.055297 0.073729
0 0.731235 0.690488 0.055297 0.073729
0 0.143073 0.803823 0.055297 0.073729
0 0.202066 0.800362 0.055297 0.073729
0 0.261059 0.796902 0.055297 0.073729
0 0.320052 0.793441 0.055297 0.073729
0 0.379045 0.789981 0.055297 0.073729
0 0.438038 0.786520 0.055297 0.073729
0 0.497030 0.783059 0.055297 0.073729
0 0.556023 0.779599 0.055297 0.073729
0 0.615016 0.776138 0.055297 0.073729
0 0.674009 0.772678 0.055297 0.073729
0 0.733002 0.769217 0.055297 0.073729
0 0.144840 0.882552 0.055297 0.073729
0 0.203833 0.879091 0.055297 0.073729
0 0.262826 0.875631 0.055297 0.073729
0 0.321819 0.872170 0.055297 0.073729
0 0.380811 0.868710 0.055297 0.073729
0 0.439804 0.865249 0.055297 0.073729
0 0.498797 0.861789 0.055297 0.073729
0 0.557790 0.858328 0.055297 0.073729
0 0.616783 0.854867 0.055297 0.073729
0 0.675776 0.851407 0.055297 0.073729
0 0.734769 0.847946 0.055297 0.073729
