0 0.101601 0.241954 0.055016 0.073354
0 0.161051 0.237419 0.055016 0.073354
0 0.220500 0.232885 0.055016 0.073354
0 0.279950 0.228350 0.055016 0.073354
0 0.339400 0.223815 0.055016 0.073354
0 0.398849 0.219281 0.055016 0.073354
0 0.458299 0.214746 0.055016 0.073354
0 0.517748 0.210212 0.055016 0.073354
0 0.577198 0.205677 0.055016 0.073354
0 0.636648 0.201143 0.055016 0.073354
0 0.104697 0.321045 0.055016 0.073354
0 0.164147 0.316511 0.055016 0.073354
0 0.223597 0.311976 0.055016 0.073354
0 0.283046 0.307442 0.055016 0.073354
0 0.342496 0.302907 0.055016 0.073354
0 0.401945 0.298373 0.055016 0.073354
0 0.461395 0.293838 0.055016 0.073354
0 0.520845 0.289304 0.055016 0.073354
0 0.580294 0.284769 0.055016 0.073354
0 0.639744 0.280235 0.055016 0.073354
0 0.107793 0.400137 0.055016 0.073354
0 0.167243 0.395603 0.055016 0.073354
0 0.226693 0.391068 0.055016 0.073354
0 0.286142 0.386534 0.055016 0.073354
0 0.345592 0.381999 0.055016 0.073354
0 0.405041 0.377465 0.055016 0.073354
0 0.464491 0.372930 0.055016 0.073354
0 0.523941 0.368395 0.055016 0.073354
0 0.583390 0.363861 0.055016 0.073354
0 0.642840 0.359326 0.055016 0.073354
0 0.110890 0.479229 0.055016 0.073354
0 0.170339 0.474695 0.055016 0.073354
0 0.229789 0.470160 0.055016 0.073354
0 0.289238 0.465625 0.055016 0.073354
0 0.348688 0.461091 0.055016 0.073354
0 0.408138 0.456556 0.055016 0.073354
0 0.467587 0.452022 0.055016 0.073354
0 0.527037 0.447487 0.055016 0.073354
0 0.586486 0.442953 0.055016 0.073354
0 0.645936 0.438418 0.055016 0.073354
0 0.113986 0.558321 0.055016 0.073354
0 0.173435 0.553786 0.055016 0.073354
0 0.232885 0.549252 0.055016 0.073354
0 0.292335 0.544717 0.055016 0.073354
0 0.351784 0.540183 0.055016 0.073354
0 0.411234 0.535648 0.055016 0.073354
0 0.470683 0.531114 0.055016 0.073354
0 0.530133 0.526579 0.055016 0.073354
0 0.589583 0.522044 0.055016 0.073354
0 0.649032 0.517510 0.055016 0.073354
0 0.117082 0.637413 0.055016 0.073354
0 0.176531 0.632878 0.055016 0.073354
0 0.235981 0.628344 0.055016 0.073354
0 0.295431 0.623809 0.055016 0.073354
0 0.354880 0.619274 0.055016 0.073354
0 0.414330 0.614740 0.055016 0.073354
0 0.473779 0.610205 0.055016 0.073354
0 0.533229 0.605671 0.055016 0.073354
0 0.592679 0.601136 0.055016 0.073354
0 0.652128 0.596602 0.055016 0.073354
0 0.120178 0.716504 0.055016 0.073354
0 0.179628 0.711970 0.055016 0.073354
0 0.239077 0.707435 0.055016 0.073354
0 0.298527 0.702901 0.055016 0.073354
0 0.357976 0.698366 0.055016 0.073354
0 0.417426 0.693832 0.055016 0.073354
0 0.476876 0.689297 0.055016 0.073354
0 0.536325 0.684763 0.055016 0.073354
0 0.595775 0.680228 0.055016 0.073354
0 0.655224 0.675694 0.055016 0.073354
0 0.123274 0.795596 0.055016 0.073354
0 0.182724 0.791062 0.055016 0.073354
0 0.242173 0.786527 0.055016 0.073354
0 0.301623 0.781993 0.055016 0.073354
0 0.361073 0.777458 0.055016 0.073354
0 0.420522 0.772924 0.055016 0.073354
0 0.479972 0.768389 0.055016 0.073354
0 0.539421 0.763854 0.055016 0.073354
0 0.598871 0.759320 0.055016 0.073354
0 0.658321 0.754785 0.055016 0.073354
