0 0.174582 0.316939 0.054579 0.072771
0 0.234214 0.319224 0.054579 0.072771
0 0.293847 0.321509 0.054579 0.072771
0 0.353479 0.323793 0.054579 0.072771
0 0.413112 0.326078 0.054579 0.072771
0 0.472744 0.328363 0.054579 0.072771
0 0.532377 0.330648 0.054579 0.072771
0 0.172590 0.396266 0.054579 0.072771
0 0.232223 0.398551 0.054579 0.072771
0 0.291855 0.400836 0.054579 0.072771
0 0.351487 0.403120 0.054579 0.072771
0 0.411120 0.405405 0.054579 0.072771
0 0.470752 0.407690 0.054579 0.072771
0 0.530385 0.409975 0.054579 0.072771
0 0.170598 0.475593 0.054579 0.072771
0 0.230231 0.477878 0.054579 0.072771
0 0.289863 0.480162 0.054579 0.072771
0 0.349496 0.482447 0.054579 0.072771
0 0.409128 0.484732 0.054579 0.072771
0 0.468760 0.487017 0.054579 0.072771
0 0.528393 0.489302 0.054579 0.072771
0 0.168606 0.554920 0.054579 0.072771
0 0.228239 0.557205 0.054579 0.072771
0 0.287871 0.559489 0.054579 0.072771
0 0.347504 0.561774 0.054579 0.072771
0 0.407136 0.564059 0.054579 0.072771
0 0.466769 0.566344 0.054579 0.072771
0 0.526401 0.568628 0.054579 0.072771
0 0.166614 0.634247 0.054579 0.072771
0 0.226247 0.636531 0.054579 0.072771
0 0.285879 0.638816 0.054579 0.072771
0 0.345512 0.641101 0.054579 0.072771
0 0.405144 0.643386 0.054579 0.072771
0 0.464777 0.645671 0.054579 0.072771
0 0.524409 0.647955 0.054579 0.072771
0 0.164622 0.713574 0.054579 0.072771
0 0.224255 0.715858 0.054579 0.072771
0 0.283887 0.718143 0.054579 0.072771
0 0.343520 0.720428 0.054579 0.072771
0 0.403152 0.722713 0.054579 0.072771
0 0.462785 0.724997 0.054579 0.072771
0 0.522417 0.727282 0.054579 0.072771
0 0.162631 0.792900 0.054579 0.072771
0 0.222263 0.795185 0.054579 0.072771
0 0.281895 0.797470 0.054579 0.072771
0 0.341528 0.799755 0.054579 0.072771
0 0.401160 0.802040 0.054579 0.072771
0 0.460793 0.804324 0.054579 0.072771
0 0.520425 0.806609 0.054579 0.072771
0 0.160639 0.872227 0.054579 0.072771
0 0.220271 0.874512 0.054579 0.072771
0 0.279904 0.876797 0.054579 0.072771
0 0.339536 0.879082 0.054579 0.072771
0 0.399168 0.881366 0.054579 0.072771
0 0.458801 0.883651 0.054579 0.072771
0 0.518433 0.885936 0.054579 0.072771
