0 0.146874 0.298712 0.059196 0.078928
0 0.210906 0.295469 0.059196 0.078928
0 0.274938 0.292225 0.059196 0.078928
0 0.338970 0.288982 0.059196 0.078928
0 0.403002 0.285738 0.059196 0.078928
0 0.467034 0.282494 0.059196 0.078928
0 0.531066 0.279251 0.059196 0.078928
0 0.595098 0.276007 0.059196 0.078928
0 0.659130 0.272764 0.059196 0.078928
0 0.723162 0.269520 0.059196 0.078928
0 0.787194 0.266277 0.059196 0.078928
0 0.851226 0.263033 0.059196 0.078928
0 0.149445 0.384258 0.059196 0.078928
0 0.213477 0.381014 0.059196 0.078928
0 0.277509 0.377771 0.059196 0.078928
0 0.341541 0.374527 0.059196 0.078928
0 0.405573 0.371284 0.059196 0.078928
0 0.469605 0.368040 0.059196 0.078928
0 0.533637 0.364797 0.059196 0.078928
0 0.597669 0.361553 0.059196 0.078928
0 0.661701 0.358310 0.059196 0.078928
0 0.725733 0.355066 0.059196 0.078928
0 0.789765 0.351823 0.059196 0.078928
0 0.853797 0.348579 0.059196 0.078928
0 0.152016 0.469804 0.059196 0.078928
0 0.216048 0.466560 0.059196 0.078928
0 0.280080 0.463317 0.059196 0.078928
0 0.344112 0.460073 0.059196 0.078928
0 0.408144 0.456830 0.059196 0.078928
0 0.472176 0.453586 0.059196 0.078928
0 0.536208 0.450343 0.059196 0.078928
0 0.600240 0.447099 0.059196 0.078928
0 0.664272 0.443856 0.059196 0.078928
0 0.728304 0.440612 0.059196 0.078928
0 0.792336 0.437368 0.059196 0.078928
0 0.856368 0.434125 0.059196 0.078928
0 0.154588 0.555350 0.059196 0.078928
0 0.218620 0.552106 0.059196 0.078928
0 0.282652 0.548863 0.059196 0.078928
0 0.346684 0.545619 0.059196 0.078928
0 0.410716 0.542376 0.059196 0.078928
0 0.474748 0.539132 0.059196 0.078928
0 0.538780 0.535888 0.059196 0.078928
0 0.602812 0.532645 0.059196 0.078928
0 0.666844 0.529401 0.059196 0.078928
0 0.730876 0.526158 0.059196 0.078928
0 0.794908 0.522914 0.059196 0.078928
0 0.858940 0.519671 0.059196 0.078928
0 0.157159 0.640896 0.059196 0.078928
0 0.221191 0.637652 0.059196 0.078928
0 0.285223 0.634409 0.059196 0.078928
0 0.349255 0.631165 0.059196 0.078928
0 0.413287 0.627921 0.059196 0.078928
0 0.477319 0.624678 0.059196 0.078928
0 0.541351 0.621434 0.059196 0.078928
0 0.605383 0.618191 0.059196 0.078928
0 0.669415 0.614947 0.059196 0.078928
0 0.733447 0.611704 0.059196 0.078928
0 0.797479 0.608460 0.059196 0.078928
0 0.861511 0.605217 0.059196 0.078928
0 0.159730 0.726441 0.059196 0.078928
0 0.223762 0.723198 0.059196 0.078928
0 0.287794 0.719954 0.059196 0.078928
0 0.351826 0.716711 0.059196 0.078928
0 0.415858 0.713467 0.059196 0.078928
0 0.479890 0.710224 0.059196 0.078928
0 0.543922 0.706980 0.059196 0.078928
0 0.607954 0.703737 0.059196 0.078928
0 0.671986 0.700493 0.059196 0.078928
0 0.736018 0.697250 0.059196 0.078928
0 0.800050 0.694006 0.059196 0.078928
0 0.864082 0.690762 0.059196 0.078928
0 0.162301 0.811987 0.059196 0.078928
0 0.226333 0.808744 0.059196 0.078928
0 0.290365 0.805500 0.059196 0.078928
0 0.354397 0.802257 0.059196 0.078928
0 0.418429 0.799013 0.059196 0.078928
0 0.482461 0.795770 0.059196 0.078928
0 0.546493 0.792526 0.059196 0.078928
0 0.610525 0.789283 0.059196 0.078928
0 0.674557 0.786039 0.059196 0.078928
0 0.738589 0.782795 0.059196 0.078928
0 0.802621 0.779552 0.059196 0.078928
0 0.866653 0.776308 0.059196 0.078928
0 0.164873 0.897533 0.059196 0.078928
0 0.228905 0.894290 0.059196 0.078928
0 0.292937 0.891046 0.059196 0.078928
0 0.356969 0.887803 0.059196 0.078928
0 0.421001 0.884559 0.059196 0.078928
0 0.485033 0.881316 0.059196 0.078928
0 0.549065 0.878072 0.059196 0.078928
0 0.613097 0.874828 0.059196 0.078928
0 0.677129 0.871585 0.059196 0.078928
0 0.741161 0.868341 0.059196 0.078928
0 0.805193 0.865098 0.059196 0.078928
0 0.869225 0.861854 0.059196 0.078928
