0 0.125602 0.281195 0.061003 0.081337
0 0.191013 0.280647 0.061003 0.081337
0 0.256425 0.280099 0.061003 0.081337
0 0.321837 0.279552 0.061003 0.081337
0 0.387248 0.279004 0.061003 0.081337
0 0.452660 0.278456 0.061003 0.081337
0 0.518071 0.277909 0.061003 0.081337
0 0.126471 0.368297 0.061003 0.081337
0 0.191883 0.367749 0.061003 0.081337
0 0.257295 0.367202 0.061003 0.081337
0 0.322706 0.366654 0.061003 0.081337
0 0.388118 0.366106 0.061003 0.081337
0 0.453529 0.365559 0.061003 0.081337
0 0.518941 0.365011 0.061003 0.081337
0 0.127341 0.455399 0.061003 0.081337
0 0.192753 0.454852 0.061003 0.081337
0 0.258164 0.454304 0.061003 0.081337
0 0.323576 0.453756 0.061003 0.081337
0 0.388988 0.453209 0.061003 0.081337
0 0.454399 0.452661 0.061003 0.081337
0 0.519811 0.452113 0.061003 0.081337
0 0.128211 0.542502 0.061003 0.081337
0 0.193622 0.541954 0.061003 0.081337
0 0.259034 0.541406 0.061003 0.081337
0 0.324446 0.540859 0.061003 0.081337
0 0.389857 0.540311 0.061003 0.081337
0 0.455269 0.539763 0.061003 0.081337
0 0.520680 0.539216 0.061003 0.081337
0 0.129080 0.629604 0.061003 0.081337
0 0.194492 0.629056 0.061003 0.081337
0 0.259904 0.628509 0.061003 0.081337
0 0.325315 0.627961 0.061003 0.081337
0 0.390727 0.627413 0.061003 0.081337
0 0.456138 0.626866 0.061003 0.081337
0 0.521550 0.626318 0.061003 0.081337
0 0.129950 0.716706 0.061003 0.081337
0 0.195362 0.716159 0.061003 0.081337
0 0.260773 0.715611 0.061003 0.081337
0 0.326185 0.715063 0.061003 0.081337
0 0.391596 0.714516 0.061003 0.081337
0 0.457008 0.713968 0.061003 0.081337
0 0.522420 0.713420 0.061003 0.081337
0 0.130820 0.803809 0.061003 0.081337
0 0.196231 0.803261 0.061003 0.081337
0 0.261643 0.802713 0.061003 0.081337
0 0.327054 0.802166 0.061003 0.081337
0 0.392466 0.801618 0.061003 0.081337
0 0.457878 0.801070 0.061003 0.081337
0 0.523289 0.800523 0.061003 0.081337
0 0.131689 0.890911 0.061003 0.081337
0 0.197101 0.890363 0.061003 0.081337
0 0.262512 0.889816 0.061003 0.081337
0 0.327924 0.889268 0.061003 0.081337
0 0.393336 0.888720 0.061003 0.081337
0 0.458747 0.888173 0.061003 0.081337
0 0.524159 0.887625 0.061003 0.081337
