0 0.174138 0.234916 0.061640 0.082187
0 0.240148 0.242269 0.061640 0.082187
0 0.306158 0.249622 0.061640 0.082187
0 0.372168 0.256975 0.061640 0.082187
0 0.438178 0.264328 0.061640 0.082187
0 0.504188 0.271681 0.061640 0.082187
0 0.570199 0.279035 0.061640 0.082187
0 0.636209 0.286388 0.061640 0.082187
0 0.702219 0.293741 0.061640 0.082187
0 0.768229 0.301094 0.061640 0.082187
0 0.834239 0.308447 0.061640 0.082187
0 0.900249 0.315801 0.061640 0.082187
0 0.168697 0.322990 0.061640 0.082187
0 0.234707 0.330344 0.061640 0.082187
0 0.300717 0.337697 0.061640 0.082187
0 0.366727 0.345050 0.061640 0.082187
0 0.432737 0.352403 0.061640 0.082187
0 0.498747 0.359756 0.061640 0.082187
0 0.564757 0.367109 0.061640 0.082187
0 0.630768 0.374463 0.061640 0.082187
0 0.696778 0.381816 0.061640 0.082187
0 0.762788 0.389169 0.061640 0.082187
0 0.828798 0.396522 0.061640 0.082187
0 0.894808 0.403875 0.061640 0.082187
0 0.163256 0.411065 0.061640 0.082187
0 0.229266 0.418418 0.061640 0.082187
0 0.295276 0.425772 0.061640 0.082187
0 0.361286 0.433125 0.061640 0.082187
0 0.427296 0.440478 0.061640 0.082187
0 0.493306 0.447831 0.061640 0.082187
0 0.559316 0.455184 0.061640 0.082187
0 0.625327 0.462537 0.061640 0.082187
0 0.691337 0.469891 0.061640 0.082187
0 0.757347 0.477244 0.061640 0.082187
0 0.823357 0.484597 0.061640 0.082187
0 0.889367 0.491950 0.061640 0.082187
0 0.157815 0.499140 0.061640 0.082187
0 0.223825 0.506493 0.061640 0.082187
0 0.289835 0.513846 0.061640 0.082187
0 0.355845 0.521200 0.061640 0.082187
0 0.421855 0.528553 0.061640 0.082187
0 0.487865 0.535906 0.061640 0.082187
0 0.553875 0.543259 0.061640 0.082187
0 0.619886 0.550612 0.061640 0.082187
0 0.685896 0.557965 0.061640 0.082187
0 0.751906 0.565319 0.061640 0.082187
0 0.817916 0.572672 0.061640 0.082187
0 0.883926 0.580025 0.061640 0.082187
0 0.152374 0.587215 0.061640 0.082187
0 0.218384 0.594568 0.061640 0.082187
0 0.284394 0.601921 0.061640 0.082187
0 0.350404 0.609274 0.061640 0.082187
0 0.416414 0.616628 0.061640 0.082187
0 0.482424 0.623981 0.061640 0.082187
0 0.548434 0.631334 0.061640 0.082187
0 0.614444 0.638687 0.061640 0.082187
0 0.680455 0.646040 0.061640 0.082187
0 0.746465 0.653394 0.061640 0.082187
0 0.812475 0.660747 0.061640 0.082187
0 0.878485 0.668100 0.061640 0.082187
0 0.146933 0.675290 0.061640 0.082187
0 0.212943 0.682643 0.061640 0.082187
0 0.278953 0.689996 0.061640 0.082187
0 0.344963 0.697349 0.061640 0.082187
0 0.410973 0.704702 0.061640 0.082187
0 0.476983 0.712056 0.061640 0.082187
0 0.542993 0.719409 0.061640 0.082187
0 0.609003 0.726762 0.061640 0.082187
0 0.675014 0.734115 0.061640 0.082187
0 0.741024 0.741468 0.061640 0.082187
0 0.807034 0.748822 0.061640 0.082187
0 0.873044 0.756175 0.061640 0.082187
0 0.141491 0.763364 0.061640 0.082187
0 0.207502 0.770718 0.061640 0.082187
0 0.273512 0.778071 0.061640 0.082187
0 0.339522 0.785424 0.061640 0.082187
0 0.405532 0.792777 0.061640 0.082187
0 0.471542 0.800130 0.061640 0.082187
0 0.537552 0.807484 0.061640 0.082187
0 0.603562 0.814837 0.061640 0.082187
0 0.669573 0.822190 0.061640 0.082187
0 0.735583 0.829543 0.061640 0.082187
0 0.801593 0.836896 0.061640 0.082187
0 0.867603 0.844250 0.061640 0.082187
0 0.136050 0.851439 0.061640 0.082187
0 0.202061 0.858792 0.061640 0.082187
0 0.268071 0.866146 0.061640 0.082187
0 0.334081 0.873499 0.061640 0.082187
0 0.400091 0.880852 0.061640 0.082187
0 0.466101 0.888205 0.061640 0.082187
0 0.532111 0.895558 0.061640 0.082187
0 0.598121 0.902912 0.061640 0.082187
0 0.664132 0.910265 0.061640 0.082187
0 0.730142 0.917618 0.061640 0.082187
0 0.796152 0.924971 0.061640 0.082187
0 0.862162 0.932324 0.061640 0.082187
