0 0.153795 0.278366 0.059196 0.078928
0 0.217872 0.278850 0.059196 0.078928
0 0.281949 0.279333 0.059196 0.078928
0 0.346027 0.279817 0.059196 0.078928
0 0.410104 0.280301 0.059196 0.078928
0 0.474181 0.280784 0.059196 0.078928
0 0.538258 0.281268 0.059196 0.078928
0 0.602335 0.281751 0.059196 0.078928
0 0.666412 0.282235 0.059196 0.078928
0 0.730490 0.282719 0.059196 0.078928
0 0.794567 0.283202 0.059196 0.078928
0 0.858644 0.283686 0.059196 0.078928
0 0.153565 0.363980 0.059196 0.078928
0 0.217642 0.364464 0.059196 0.078928
0 0.281720 0.364947 0.059196 0.078928
0 0.345797 0.365431 0.059196 0.078928
0 0.409874 0.365915 0.059196 0.078928
0 0.473951 0.366398 0.059196 0.078928
0 0.538028 0.366882 0.059196 0.078928
0 0.602105 0.367365 0.059196 0.078928
0 0.666183 0.367849 0.059196 0.078928
0 0.730260 0.368333 0.059196 0.078928
0 0.794337 0.368816 0.059196 0.078928
0 0.858414 0.369300 0.059196 0.078928
0 0.153336 0.449594 0.059196 0.078928
0 0.217413 0.450078 0.059196 0.078928
0 0.281490 0.450561 0.059196 0.078928
0 0.345567 0.451045 0.059196 0.078928
0 0.409644 0.451529 0.059196 0.078928
0 0.473721 0.452012 0.059196 0.078928
0 0.537799 0.452496 0.059196 0.078928
0 0.601876 0.452979 0.059196 0.078928
0 0.665953 0.453463 0.059196 0.078928
0 0.730030 0.453947 0.059196 0.078928
0 0.794107 0.454430 0.059196 0.078928
0 0.858184 0.454914 0.059196 0.078928
0 0.153106 0.535208 0.059196 0.078928
0 0.217183 0.535692 0.059196 0.078928
0 0.281260 0.536175 0.059196 0.078928
0 0.345337 0.536659 0.059196 0.078928
0 0.409414 0.537143 0.059196 0.078928
0 0.473492 0.537626 0.059196 0.078928
0 0.537569 0.538110 0.059196 0.078928
0 0.601646 0.538593 0.059196 0.078928
0 0.665723 0.539077 0.059196 0.078928
0 0.729800 0.539561 0.059196 0.078928
0 0.793877 0.540044 0.059196 0.078928
0 0.857955 0.540528 0.059196 0.078928
0 0.152876 0.620822 0.059196 0.078928
0 0.216953 0.621306 0.059196 0.078928
0 0.281030 0.621789 0.059196 0.078928
0 0.345107 0.622273 0.059196 0.078928
0 0.409185 0.622757 0.059196 0.078928
0 0.473262 0.623240 0.059196 0.078928
0 0.537339 0.623724 0.059196 0.078928
0 0.601416 0.624207 0.059196 0.078928
0 0.665493 0.624691 0.059196 0.078928
0 0.729570 0.625174 0.059196 0.078928
0 0.793648 0.625658 0.059196 0.078928
0 0.857725 0.626142 0.059196 0.078928
0 0.152646 0.706436 0.059196 0.078928
0 0.216723 0.706920 0.059196 0.078928
0 0.280800 0.707403 0.059196 0.078928
0 0.344878 0.707887 0.059196 0.078928
0 0.408955 0.708371 0.059196 0.078928
0 0.473032 0.708854 0.059196 0.078928
0 0.537109 0.709338 0.059196 0.078928
0 0.601186 0.709821 0.059196 0.078928
0 0.665263 0.710305 0.059196 0.078928
0 0.729341 0.710788 0.059196 0.078928
0 0.793418 0.711272 0.059196 0.078928
0 0.857495 0.711756 0.059196 0.078928
0 0.152416 0.792050 0.059196 0.078928
0 0.216494 0.792534 0.059196 0.078928
0 0.280571 0.793017 0.059196 0.078928
0 0.344648 0.793501 0.059196 0.078928
0 0.408725 0.793985 0.059196 0.078928
0 0.472802 0.794468 0.059196 0.078928
0 0.536879 0.794952 0.059196 0.078928
0 0.600957 0.795435 0.059196 0.078928
0 0.665034 0.795919 0.059196 0.078928
0 0.729111 0.796402 0.059196 0.078928
0 0.793188 0.796886 0.059196 0.078928
0 0.857265 0.797370 0.059196 0.078928
0 0.152187 0.877664 0.059196 0.078928
0 0.216264 0.878148 0.059196 0.078928
0 0.280341 0.878631 0.059196 0.078928
0 0.344418 0.879115 0.059196 0.078928
0 0.408495 0.879598 0.059196 0.078928
0 0.472572 0.880082 0.059196 0.078928
0 0.536650 0.880566 0.059196 0.078928
0 0.600727 0.881049 0.059196 0.078928
0 0.664804 0.881533 0.059196 0.078928
0 0.728881 0.882016 0.059196 0.078928
0 0.792958 0.882500 0.059196 0.078928
0 0.857035 0.882984 0.059196 0.078928
