0 0.119699 0.148115 0.070020 0.093360
0 0.194424 0.148913 0.070020 0.093360
0 0.269149 0.149710 0.070020 0.093360
0 0.343874 0.150508 0.070020 0.093360
0 0.418599 0.151305 0.070020 0.093360
0 0.493324 0.152102 0.070020 0.093360
0 0.568049 0.152900 0.070020 0.093360
0 0.642774 0.153697 0.070020 0.093360
0 0.717499 0.154494 0.070020 0.093360
0 0.792224 0.155292 0.070020 0.093360
0 0.119451 0.247520 0.070020 0.093360
0 0.194176 0.248318 0.070020 0.093360
0 0.268901 0.249115 0.070020 0.093360
0 0.343626 0.249912 0.070020 0.093360
0 0.418351 0.250710 0.070020 0.093360
0 0.493076 0.251507 0.070020 0.093360
0 0.567801 0.252304 0.070020 0.093360
0 0.642526 0.253102 0.070020 0.093360
0 0.717251 0.253899 0.070020 0.093360
0 0.791976 0.254697 0.070020 0.093360
0 0.119203 0.346925 0.070020 0.093360
0 0.193928 0.347723 0.070020 0.093360
0 0.268653 0.348520 0.070020 0.093360
0 0.343378 0.349317 0.070020 0.093360
0 0.418103 0.350115 0.070020 0.093360
0 0.492828 0.350912 0.070020 0.093360
0 0.567553 0.351709 0.070020 0.093360
0 0.642277 0.352507 0.070020 0.093360
0 0.717002 0.353304 0.070020 0.093360
0 0.791727 0.354101 0.070020 0.093360
0 0.118955 0.446330 0.070020 0.093360
0 0.193680 0.447128 0.070020 0.093360
0 0.268405 0.447925 0.070020 0.093360
0 0.343130 0.448722 0.070020 0.093360
0 0.417855 0.449520 0.070020 0.093360
0 0.492579 0.450317 0.070020 0.093360
0 0.567304 0.451114 0.070020 0.093360
0 0.642029 0.451912 0.070020 0.093360
0 0.716754 0.452709 0.070020 0.093360
0 0.791479 0.453506 0.070020 0.093360
0 0.118707 0.545735 0.070020 0.093360
0 0.193432 0.546532 0.070020 0.093360
0 0.268156 0.547330 0.070020 0.093360
0 0.342881 0.548127 0.070020 0.093360
0 0.417606 0.548924 0.070020 0.093360
0 0.492331 0.549722 0.070020 0.093360
0 0.567056 0.550519 0.070020 0.093360
0 0.641781 0.551317 0.070020 0.093360
0 0.716506 0.552114 0.070020 0.093360
0 0.791231 0.552911 0.070020 0.093360
0 0.118458 0.645140 0.070020 0.093360
0 0.193183 0.645937 0.070020 0.093360
0 0.267908 0.646735 0.070020 0.093360
0 0.342633 0.647532 0.070020 0.093360
0 0.417358 0.648329 0.070020 0.093360
0 0.492083 0.649127 0.070020 0.093360
0 0.566808 0.649924 0.070020 0.093360
0 0.641533 0.650721 0.070020 0.093360
0 0.716258 0.651519 0.070020 0.093360
0 0.790983 0.652316 0.070020 0.093360
0 0.118210 0.744545 0.070020 0.093360
0 0.192935 0.745342 0.070020 0.093360
0 0.267660 0.746140 0.070020 0.093360
0 0.342385 0.746937 0.070020 0.093360
0 0.417110 0.747734 0.070020 0.093360
0 0.491835 0.748532 0.070020 0.093360
0 0.566560 0.749329 0.070020 0.093360
0 0.641285 0.750126 0.070020 0.093360
0 0.716010 0.750924 0.070020 0.093360
0 0.790735 0.751721 0.070020 0.093360
0 0.117962 0.843950 0.070020 0.093360
0 0.192687 0.844747 0.070020 0.093360
0 0.267412 0.845544 0.070020 0.093360
0 0.342137 0.846342 0.070020 0.093360
0 0.416862 0.847139 0.070020 0.093360
0 0.491587 0.847936 0.070020 0.093360
0 0.566312 0.848734 0.070020 0.093360
0 0.641037 0.849531 0.070020 0.093360
0 0.715761 0.850329 0.070020 0.093360
0 0.790486 0.851126 0.070020 0.093360
