0 0.126714 0.260312 0.061003 0.081337
0 0.192057 0.263416 0.061003 0.081337
0 0.257399 0.266521 0.061003 0.081337
0 0.322742 0.269625 0.061003 0.081337
0 0.388085 0.272729 0.061003 0.081337
0 0.453427 0.275833 0.061003 0.081337
0 0.518770 0.278938 0.061003 0.081337
0 0.122889 0.347332 0.061003 0.081337
0 0.188232 0.350436 0.061003 0.081337
0 0.253574 0.353540 0.061003 0.081337
0 0.318917 0.356645 0.061003 0.081337
0 0.384260 0.359749 0.061003 0.081337
0 0.449602 0.362853 0.061003 0.081337
0 0.514945 0.365957 0.061003 0.081337
0 0.119064 0.434352 0.061003 0.081337
0 0.184406 0.437456 0.061003 0.081337
0 0.249749 0.440560 0.061003 0.081337
0 0.315092 0.443664 0.061003 0.081337
0 0.380434 0.446769 0.061003 0.081337
0 0.445777 0.449873 0.061003 0.081337
0 0.511120 0.452977 0.061003 0.081337
0 0.115238 0.521372 0.061003 0.081337
0 0.180581 0.524476 0.061003 0.081337
0 0.245924 0.527580 0.061003 0.081337
0 0.311267 0.530684 0.061003 0.081337
0 0.376609 0.533789 0.061003 0.081337
0 0.441952 0.536893 0.061003 0.081337
0 0.507295 0.539997 0.061003 0.081337
0 0.111413 0.608391 0.061003 0.081337
0 0.176756 0.611496 0.061003 0.081337
0 0.242099 0.614600 0.061003 0.081337
0 0.307441 0.617704 0.061003 0.081337
0 0.372784 0.620808 0.061003 0.081337
0 0.438127 0.623913 0.061003 0.081337
0 0.503469 0.627017 0.061003 0.081337
0 0.107588 0.695411 0.061003 0.081337
0 0.172931 0.698515 0.061003 0.081337
0 0.238273 0.701620 0.061003 0.081337
0 0.303616 0.704724 0.061003 0.081337
0 0.368959 0.707828 0.061003 0.081337
0 0.434302 0.710932 0.061003 0.081337
0 0.499644 0.714037 0.061003 0.081337
0 0.103763 0.782431 0.061003 0.081337
0 0.169106 0.785535 0.061003 0.081337
0 0.234448 0.788639 0.061003 0.081337
0 0.299791 0.791744 0.061003 0.081337
0 0.365134 0.794848 0.061003 0.081337
0 0.430476 0.797952 0.061003 0.081337
0 0.495819 0.801056 0.061003 0.081337
0 0.099938 0.869451 0.061003 0.081337
0 0.165280 0.872555 0.061003 0.081337
0 0.230623 0.875659 0.061003 0.081337
0 0.295966 0.878763 0.061003 0.081337
0 0.361309 0.881868 0.061003 0.081337
0 0.426651 0.884972 0.061003 0.081337
0 0.491994 0.888076 0.061003 0.081337
