0 0.244770 0.054032 0.068395 0.091194
0 0.322961 0.054563 0.068395 0.091194
0 0.401152 0.055093 0.068395 0.091194
0 0.479343 0.055623 0.068395 0.091194
0 0.557534 0.056153 0.068395 0.091194
0 0.635724 0.056683 0.068395 0.091194
0 0.713915 0.057214 0.068395 0.091194
0 0.792106 0.057744 0.068395 0.091194
0 0.870297 0.058274 0.068395 0.091194
0 0.948488 0.058804 0.068395 0.091194
0 0.245427 0.156336 0.068395 0.091194
0 0.323618 0.156866 0.068395 0.091194
0 0.401808 0.157396 0.068395 0.091194
0 0.479999 0.157926 0.068395 0.091194
0 0.558190 0.158457 0.068395 0.091194
0 0.636381 0.158987 0.068395 0.091194
0 0.714572 0.159517 0.068395 0.091194
0 0.792763 0.160047 0.068395 0.091194
0 0.870953 0.160577 0.068395 0.091194
0 0.949144 0.161108 0.068395 0.091194
0 0.246083 0.258639 0.068395 0.091194
0 0.324274 0.259169 0.068395 0.091194
0 0.402465 0.259699 0.068395 0.091194
0 0.480656 0.260230 0.068395 0.091194
0 0.558846 0.260760 0.068395 0.091194
0 0.637037 0.261290 0.068395 0.091194
0 0.715228 0.261820 0.068395 0.091194
0 0.793419 0.262351 0.068395 0.091194
0 0.871610 0.262881 0.068395 0.091194
0 0.949801 0.263411 0.068395 0.091194
0 0.246740 0.360942 0.068395 0.091194
0 0.324930 0.361473 0.068395 0.091194
0 0.403121 0.362003 0.068395 0.091194
0 0.481312 0.362533 0.068395 0.091194
0 0.559503 0.363063 0.068395 0.091194
0 0.637694 0.363593 0.068395 0.091194
0 0.715885 0.364124 0.068395 0.091194
0 0.794075 0.364654 0.068395 0.091194
0 0.872266 0.365184 0.068395 0.091194
0 0.950457 0.365714 0.068395 0.091194
0 0.247396 0.463246 0.068395 0.091194
0 0.325587 0.463776 0.068395 0.091194
0 0.403778 0.464306 0.068395 0.091194
0 0.481968 0.464836 0.068395 0.091194
0 0.560159 0.465367 0.068395 0.091194
0 0.638350 0.465897 0.068395 0.091194
0 0.716541 0.466427 0.068395 0.091194
0 0.794732 0.466957 0.068395 0.091194
0 0.872923 0.467487 0.068395 0.091194
0 0.951113 0.468018 0.068395 0.091194
0 0.248052 0.565549 0.068395 0.091194
0 0.326243 0.566079 0.068395 0.091194
0 0.404434 0.566609 0.068395 0.091194
0 0.482625 0.567140 0.068395 0.091194
0 0.560816 0.567670 0.068395 0.091194
0 0.639007 0.568200 0.068395 0.091194
0 0.717197 0.568730 0.068395 0.091194
0 0.795388 0.569261 0.068395 0.091194
0 0.873579 0.569791 0.068395 0.091194
0 0.951770 0.570321 0.068395 0.091194
0 0.248709 0.667852 0.068395 0.091194
0 0.326900 0.668383 0.068395 0.091194
0 0.405090 0.668913 0.068395 0.091194
0 0.483281 0.669443 0.068395 0.091194
0 0.561472 0.669973 0.068395 0.091194
0 0.639663 0.670503 0.068395 0.091194
0 0.717854 0.671034 0.068395 0.091194
0 0.796045 0.671564 0.068395 0.091194
0 0.874235 0.672094 0.068395 0.091194
0 0.952426 0.672624 0.068395 0.091194
0 0.249365 0.770156 0.068395 0.091194
0 0.327556 0.770686 0.068395 0.091194
0 0.405747 0.771216 0.068395 0.091194
0 0.483938 0.771746 0.068395 0.091194
0 0.562129 0.772277 0.068395 0.091194
0 0.640319 0.772807 0.068395 0.091194
0 0.718510 0.773337 0.068395 0.091194
0 0.796701 0.773867 0.068395 0.091194
0 0.874892 0.774397 0.068395 0.091194
0 0.953083 0.774928 0.068395 0.091194
