0 0.110786 0.297728 0.057632 0.076868
0 0.173609 0.293579 0.057632 0.076868
0 0.236432 0.289430 0.057632 0.076868
0 0.299255 0.285281 0.057632 0.076868
0 0.362077 0.281131 0.057632 0.076868
0 0.424900 0.276982 0.057632 0.076868
0 0.487723 0.272833 0.057632 0.076868
0 0.550546 0.268684 0.057632 0.076868
0 0.613368 0.264535 0.057632 0.076868
0 0.676191 0.260385 0.057632 0.076868
0 0.739014 0.256236 0.057632 0.076868
0 0.113116 0.381355 0.057632 0.076868
0 0.175938 0.377206 0.057632 0.076868
0 0.238761 0.373057 0.057632 0.076868
0 0.301584 0.368908 0.057632 0.076868
0 0.364407 0.364758 0.057632 0.076868
0 0.427229 0.360609 0.057632 0.076868
0 0.490052 0.356460 0.057632 0.076868
0 0.552875 0.352311 0.057632 0.076868
0 0.615698 0.348162 0.057632 0.076868
0 0.678521 0.344012 0.057632 0.076868
0 0.741343 0.339863 0.057632 0.076868
0 0.115445 0.464982 0.057632 0.076868
0 0.178268 0.460833 0.057632 0.076868
0 0.241091 0.456684 0.057632 0.076868
0 0.303913 0.452534 0.057632 0.076868
0 0.366736 0.448385 0.057632 0.076868
0 0.429559 0.444236 0.057632 0.076868
0 0.492382 0.440087 0.057632 0.076868
0 0.555204 0.435938 0.057632 0.076868
0 0.618027 0.431788 0.057632 0.076868
0 0.680850 0.427639 0.057632 0.076868
0 0.743673 0.423490 0.057632 0.076868
0 0.117774 0.548609 0.057632 0.076868
0 0.180597 0.544460 0.057632 0.076868
0 0.243420 0.540311 0.057632 0.076868
0 0.306243 0.536161 0.057632 0.076868
0 0.369065 0.532012 0.057632 0.076868
0 0.431888 0.527863 0.057632 0.076868
0 0.494711 0.523714 0.057632 0.076868
0 0.557534 0.519565 0.057632 0.076868
0 0.620357 0.515415 0.057632 0.076868
0 0.683179 0.511266 0.057632 0.076868
0 0.746002 0.507117 0.057632 0.076868
0 0.120104 0.632236 0.057632 0.076868
0 0.182927 0.628087 0.057632 0.076868
0 0.245749 0.623937 0.057632 0.076868
0 0.308572 0.619788 0.057632 0.076868
0 0.371395 0.615639 0.057632 0.076868
0 0.434218 0.611490 0.057632 0.076868
0 0.497040 0.607341 0.057632 0.076868
0 0.559863 0.603191 0.057632 0.076868
0 0.622686 0.599042 0.057632 0.076868
0 0.685509 0.594893 0.057632 0.076868
0 0.748332 0.590744 0.057632 0.076868
0 0.122433 0.715863 0.057632 0.076868
0 0.185256 0.711714 0.057632 0.076868
0 0.248079 0.707564 0.057632 0.076868
0 0.310902 0.703415 0.057632 0.076868
0 0.373724 0.699266 0.057632 0.076868
0 0.436547 0.695117 0.057632 0.076868
0 0.499370 0.690968 0.057632 0.076868
0 0.562193 0.686818 0.057632 0.076868
0 0.625015 0.682669 0.057632 0.076868
0 0.687838 0.678520 0.057632 0.076868
0 0.750661 0.674371 0.057632 0.076868
0 0.124763 0.799490 0.057632 0.076868
0 0.187585 0.795341 0.057632 0.076868
0 0.250408 0.791191 0.057632 0.076868
0 0.313231 0.787042 0.057632 0.076868
0 0.376054 0.782893 0.057632 0.076868
0 0.438876 0.778744 0.057632 0.076868
0 0.501699 0.774594 0.057632 0.076868
0 0.564522 0.770445 0.057632 0.076868
0 0.627345 0.766296 0.057632 0.076868
0 0.690168 0.762147 0.057632 0.076868
0 0.752990 0.757998 0.057632 0.076868
0 0.127092 0.883117 0.057632 0.076868
0 0.189915 0.878967 0.057632 0.076868
0 0.252738 0.874818 0.057632 0.076868
0 0.315560 0.870669 0.057632 0.076868
0 0.378383 0.866520 0.057632 0.076868
0 0.441206 0.862371 0.057632 0.076868
0 0.504029 0.858221 0.057632 0.076868
0 0.566851 0.854072 0.057632 0.076868
0 0.629674 0.849923 0.057632 0.076868
0 0.692497 0.845774 0.057632 0.076868
0 0.755320 0.841625 0.057632 0.076868
