0 0.131519 0.144511 0.062469 0.096049
0 0.199147 0.144984 0.062469 0.096049
0 0.266776 0.145457 0.062469 0.096049
0 0.334404 0.145930 0.062469 0.096049
0 0.402033 0.146402 0.062469 0.096049
0 0.469661 0.146875 0.062469 0.096049
0 0.537290 0.147348 0.062469 0.096049
0 0.604918 0.147821 0.062469 0.096049
0 0.672546 0.148294 0.062469 0.096049
0 0.740175 0.148766 0.062469 0.096049
0 0.130197 0.248577 0.062469 0.096049
0 0.197826 0.249050 0.062469 0.096049
0 0.265454 0.249523 0.062469 0.096049
0 0.333083 0.249995 0.062469 0.096049
0 0.400711 0.250468 0.062469 0.096049
0 0.468340 0.250941 0.062469 0.096049
0 0.535968 0.251414 0.062469 0.096049
0 0.603596 0.251887 0.062469 0.096049
0 0.671225 0.252360 0.062469 0.096049
0 0.738853 0.252832 0.062469 0.096049
0 0.128876 0.352643 0.062469 0.096049
0 0.196504 0.353116 0.062469 0.096049
0 0.264133 0.353589 0.062469 0.096049
0 0.331761 0.354061 0.062469 0.096049
0 0.399390 0.354534 0.062469 0.096049
0 0.467018 0.355007 0.062469 0.096049
0 0.534646 0.355480 0.062469 0.096049
0 0.602275 0.355953 0.062469 0.096049
0 0.669903 0.356425 0.062469 0.096049
0 0.737532 0.356898 0.062469 0.096049
0 0.127554 0.456709 0.062469 0.096049
0 0.195183 0.457182 0.062469 0.096049
0 0.262811 0.457655 0.062469 0.096049
0 0.330440 0.458127 0.062469 0.096049
0 0.398068 0.458600 0.062469 0.096049
0 0.465696 0.459073 0.062469 0.096049
0 0.533325 0.459546 0.062469 0.096049
0 0.600953 0.460019 0.062469 0.096049
0 0.668582 0.460491 0.062469 0.096049
0 0.736210 0.460964 0.062469 0.096049
0 0.126233 0.560775 0.062469 0.096049
0 0.193861 0.561248 0.062469 0.096049
0 0.261490 0.561721 0.062469 0.096049
0 0.329118 0.562193 0.062469 0.096049
0 0.396746 0.562666 0.062469 0.096049
0 0.464375 0.563139 0.062469 0.096049
0 0.532003 0.563612 0.062469 0.096049
0 0.599632 0.564085 0.062469 0.096049
0 0.667260 0.564557 0.062469 0.096049
0 0.734889 0.565030 0.062469 0.096049
0 0.124911 0.664841 0.062469 0.096049
0 0.192540 0.665314 0.062469 0.096049
0 0.260168 0.665786 0.062469 0.096049
0 0.327797 0.666259 0.062469 0.096049
0 0.395425 0.666732 0.062469 0.096049
0 0.463053 0.667205 0.062469 0.096049
0 0.530682 0.667678 0.062469 0.096049
0 0.598310 0.668150 0.062469 0.096049
0 0.665939 0.668623 0.062469 0.096049
0 0.733567 0.669096 0.062469 0.096049
0 0.123590 0.768907 0.062469 0.096049
0 0.191218 0.769380 0.062469 0.096049
0 0.258847 0.769852 0.062469 0.096049
0 0.326475 0.770325 0.062469 0.096049
0 0.394103 0.770798 0.062469 0.096049
0 0.461732 0.771271 0.062469 0.096049
0 0.529360 0.771744 0.062469 0.096049
0 0.596989 0.772216 0.062469 0.096049
0 0.664617 0.772689 0.062469 0.096049
0 0.732246 0.773162 0.062469 0.096049
0 0.122268 0.872973 0.062469 0.096049
0 0.189897 0.873446 0.062469 0.096049
0 0.257525 0.873918 0.062469 0.096049
0 0.325153 0.874391 0.062469 0.096049
0 0.392782 0.874864 0.062469 0.096049
0 0.460410 0.875337 0.062469 0.096049
0 0.528039 0.875810 0.062469 0.096049
0 0.595667 0.876282 0.062469 0.096049
0 0.663296 0.876755 0.062469 0.096049
0 0.730924 0.877228 0.062469 0.096049
