0 0.136905 0.235711 0.059360 0.079147
0 0.201032 0.234899 0.059360 0.079147
0 0.265159 0.234088 0.059360 0.079147
0 0.329287 0.233277 0.059360 0.079147
0 0.393414 0.232466 0.059360 0.079147
0 0.457542 0.231655 0.059360 0.079147
0 0.521669 0.230844 0.059360 0.079147
0 0.585796 0.230033 0.059360 0.079147
0 0.649924 0.229222 0.059360 0.079147
0 0.714051 0.228411 0.059360 0.079147
0 0.778178 0.227600 0.059360 0.079147
0 0.842306 0.226788 0.059360 0.079147
0 0.138599 0.320884 0.059360 0.079147
0 0.202726 0.320073 0.059360 0.079147
0 0.266854 0.319262 0.059360 0.079147
0 0.330981 0.318451 0.059360 0.079147
0 0.395108 0.317640 0.059360 0.079147
0 0.459236 0.316829 0.059360 0.079147
0 0.523363 0.316017 0.059360 0.079147
0 0.587490 0.315206 0.059360 0.079147
0 0.651618 0.314395 0.059360 0.079147
0 0.715745 0.313584 0.059360 0.079147
0 0.779873 0.312773 0.059360 0.079147
0 0.844000 0.311962 0.059360 0.079147
0 0.140293 0.406058 0.059360 0.079147
0 0.204421 0.405246 0.059360 0.079147
0 0.268548 0.404435 0.059360 0.079147
0 0.332675 0.403624 0.059360 0.079147
0 0.396803 0.402813 0.059360 0.079147
0 0.460930 0.402002 0.059360 0.079147
0 0.525057 0.401191 0.059360 0.079147
0 0.589185 0.400380 0.059360 0.079147
0 0.653312 0.399569 0.059360 0.079147
0 0.717439 0.398758 0.059360 0.079147
0 0.781567 0.397947 0.059360 0.079147
0 0.845694 0.397135 0.059360 0.079147
0 0.141987 0.491231 0.059360 0.079147
0 0.206115 0.490420 0.059360 0.079147
0 0.270242 0.489609 0.059360 0.079147
0 0.334369 0.488798 0.059360 0.079147
0 0.398497 0.487987 0.059360 0.079147
0 0.462624 0.487176 0.059360 0.079147
0 0.526752 0.486364 0.059360 0.079147
0 0.590879 0.485553 0.059360 0.079147
0 0.655006 0.484742 0.059360 0.079147
0 0.719134 0.483931 0.059360 0.079147
0 0.783261 0.483120 0.059360 0.079147
0 0.847388 0.482309 0.059360 0.079147
0 0.143682 0.576405 0.059360 0.079147
0 0.207809 0.575593 0.059360 0.079147
0 0.271936 0.574782 0.059360 0.079147
0 0.336064 0.573971 0.059360 0.079147
0 0.400191 0.573160 0.059360 0.079147
0 0.464318 0.572349 0.059360 0.079147
0 0.528446 0.571538 0.059360 0.079147
0 0.592573 0.570727 0.059360 0.079147
0 0.656700 0.569916 0.059360 0.079147
0 0.720828 0.569105 0.059360 0.079147
0 0.784955 0.568294 0.059360 0.079147
0 0.849083 0.567482 0.059360 0.079147
0 0.145376 0.661578 0.059360 0.079147
0 0.209503 0.660767 0.059360 0.079147
0 0.273631 0.659956 0.059360 0.079147
0 0.337758 0.659145 0.059360 0.079147
0 0.401885 0.658334 0.059360 0.079147
0 0.466013 0.657522 0.059360 0.079147
0 0.530140 0.656711 0.059360 0.079147
0 0.594267 0.655900 0.059360 0.079147
0 0.658395 0.655089 0.059360 0.079147
0 0.722522 0.654278 0.059360 0.079147
0 0.786649 0.653467 0.059360 0.079147
0 0.850777 0.652656 0.059360 0.079147
0 0.147070 0.746751 0.059360 0.079147
0 0.211197 0.745940 0.059360 0.079147
0 0.275325 0.745129 0.059360 0.079147
0 0.339452 0.744318 0.059360 0.079147
0 0.403579 0.743507 0.059360 0.079147
0 0.467707 0.742696 0.059360 0.079147
0 0.531834 0.741885 0.059360 0.079147
0 0.595962 0.741074 0.059360 0.079147
0 0.660089 0.740263 0.059360 0.079147
0 0.724216 0.739452 0.059360 0.079147
0 0.788344 0.738640 0.059360 0.079147
0 0.852471 0.737829 0.059360 0.079147
0 0.148764 0.831925 0.059360 0.079147
0 0.212892 0.831114 0.059360 0.079147
0 0.277019 0.830303 0.059360 0.079147
0 0.341146 0.829492 0.059360 0.079147
0 0.405274 0.828681 0.059360 0.079147
0 0.469401 0.827869 0.059360 0.079147
0 0.533528 0.827058 0.059360 0.079147
0 0.597656 0.826247 0.059360 0.079147
0 0.661783 0.825436 0.059360 0.079147
0 0.725910 0.824625 0.059360 0.079147
0 0.790038 0.823814 0.059360 0.079147
0 0.854165 0.823003 0.059360 0.079147
