0 0.251223 0.047003 0.068395 0.091194
0 0.329383 0.049717 0.068395 0.091194
0 0.407542 0.052430 0.068395 0.091194
0 0.485701 0.055144 0.068395 0.091194
0 0.563861 0.057857 0.068395 0.091194
0 0.642020 0.060571 0.068395 0.091194
0 0.720179 0.063284 0.068395 0.091194
0 0.798339 0.065997 0.068395 0.091194
0 0.876498 0.068711 0.068395 0.091194
0 0.954658 0.071424 0.068395 0.091194
0 0.249122 0.149303 0.068395 0.091194
0 0.327281 0.152016 0.068395 0.091194
0 0.405440 0.154729 0.068395 0.091194
0 0.483600 0.157443 0.068395 0.091194
0 0.561759 0.160156 0.068395 0.091194
0 0.639919 0.162870 0.068395 0.091194
0 0.718078 0.165583 0.068395 0.091194
0 0.796237 0.168297 0.068395 0.091194
0 0.874397 0.171010 0.068395 0.091194
0 0.952556 0.173724 0.068395 0.091194
0 0.247020 0.251602 0.068395 0.091194
0 0.325180 0.254315 0.068395 0.091194
0 0.403339 0.257029 0.068395 0.091194
0 0.481498 0.259742 0.068395 0.091194
0 0.559658 0.262456 0.068395 0.091194
0 0.637817 0.265169 0.068395 0.091194
0 0.715976 0.267882 0.068395 0.091194
0 0.794136 0.270596 0.068395 0.091194
0 0.872295 0.273309 0.068395 0.091194
0 0.950455 0.276023 0.068395 0.091194
0 0.244919 0.353901 0.068395 0.091194
0 0.323078 0.356614 0.068395 0.091194
0 0.401237 0.359328 0.068395 0.091194
0 0.479397 0.362041 0.068395 0.091194
0 0.557556 0.364755 0.068395 0.091194
0 0.635716 0.367468 0.068395 0.091194
0 0.713875 0.370182 0.068395 0.091194
0 0.792034 0.372895 0.068395 0.091194
0 0.870194 0.375609 0.068395 0.091194
0 0.948353 0.378322 0.068395 0.091194
0 0.242817 0.456200 0.068395 0.091194
0 0.320977 0.458914 0.068395 0.091194
0 0.399136 0.461627 0.068395 0.091194
0 0.477295 0.464341 0.068395 0.091194
0 0.555455 0.467054 0.068395 0.091194
0 0.633614 0.469767 0.068395 0.091194
0 0.711773 0.472481 0.068395 0.091194
0 0.789933 0.475194 0.068395 0.091194
0 0.868092 0.477908 0.068395 0.091194
0 0.946252 0.480621 0.068395 0.091194
0 0.240716 0.558499 0.068395 0.091194
0 0.318875 0.561213 0.068395 0.091194
0 0.397034 0.563926 0.068395 0.091194
0 0.475194 0.566640 0.068395 0.091194
0 0.553353 0.569353 0.068395 0.091194
0 0.631513 0.572067 0.068395 0.091194
0 0.709672 0.574780 0.068395 0.091194
0 0.787831 0.577494 0.068395 0.091194
0 0.865991 0.580207 0.068395 0.091194
0 0.944150 0.582920 0.068395 0.091194
0 0.238614 0.660799 0.068395 0.091194
0 0.316774 0.663512 0.068395 0.091194
0 0.394933 0.666226 0.068395 0.091194
0 0.473092 0.668939 0.068395 0.091194
0 0.551252 0.671652 0.068395 0.091194
0 0.629411 0.674366 0.068395 0.091194
0 0.707570 0.677079 0.068395 0.091194
0 0.785730 0.679793 0.068395 0.091194
0 0.863889 0.682506 0.068395 0.091194
0 0.942049 0.685220 0.068395 0.091194
0 0.236513 0.763098 0.068395 0.091194
0 0.314672 0.765811 0.068395 0.091194
0 0.392831 0.768525 0.068395 0.091194
0 0.470991 0.771238 0.068395 0.091194
0 0.549150 0.773952 0.068395 0.091194
0 0.627310 0.776665 0.068395 0.091194
0 0.705469 0.779379 0.068395 0.091194
0 0.783628 0.782092 0.068395 0.091194
0 0.861788 0.784805 0.068395 0.091194
0 0.939947 0.787519 0.068395 0.091194
