0 0.093289 0.223671 0.066249 0.088332
0 0.167742 0.223134 0.066249 0.088332
0 0.242194 0.222597 0.066249 0.088332
0 0.316647 0.222060 0.066249 0.088332
0 0.391099 0.221523 0.066249 0.088332
0 0.465552 0.220986 0.066249 0.088332
0 0.540005 0.220448 0.066249 0.088332
0 0.614457 0.219911 0.066249 0.088332
0 0.688910 0.219374 0.066249 0.088332
0 0.763363 0.218837 0.066249 0.088332
0 0.837815 0.218300 0.066249 0.088332
0 0.912268 0.217763 0.066249 0.088332
0 0.095285 0.328422 0.066249 0.088332
0 0.169738 0.327885 0.066249 0.088332
0 0.244190 0.327348 0.066249 0.088332
0 0.318643 0.326810 0.066249 0.088332
0 0.393096 0.326273 0.066249 0.088332
0 0.467548 0.325736 0.066249 0.088332
0 0.542001 0.325199 0.066249 0.088332
0 0.616453 0.324662 0.066249 0.088332
0 0.690906 0.324125 0.066249 0.088332
0 0.765359 0.323587 0.066249 0.088332
0 0.839811 0.323050 0.066249 0.088332
0 0.914264 0.322513 0.066249 0.088332
0 0.097281 0.433172 0.066249 0.088332
0 0.171734 0.432635 0.066249 0.088332
0 0.246186 0.432098 0.066249 0.088332
0 0.320639 0.431561 0.066249 0.088332
0 0.395092 0.431024 0.066249 0.088332
0 0.469544 0.430487 0.066249 0.088332
0 0.543997 0.429949 0.066249 0.088332
0 0.618449 0.429412 0.066249 0.088332
0 0.692902 0.428875 0.066249 0.088332
0 0.767355 0.428338 0.066249 0.088332
0 0.841807 0.427801 0.066249 0.088332
0 0.916260 0.427264 0.066249 0.088332
0 0.099277 0.537923 0.066249 0.088332
0 0.173730 0.537386 0.066249 0.088332
0 0.248182 0.536849 0.066249 0.088332
0 0.322635 0.536311 0.066249 0.088332
0 0.397088 0.535774 0.066249 0.088332
0 0.471540 0.535237 0.066249 0.088332
0 0.545993 0.534700 0.066249 0.088332
0 0.620445 0.534163 0.066249 0.088332
0 0.694898 0.533626 0.066249 0.088332
0 0.769351 0.533089 0.066249 0.088332
0 0.843803 0.532551 0.066249 0.088332
0 0.918256 0.532014 0.066249 0.088332
0 0.101273 0.642673 0.066249 0.088332
0 0.175726 0.642136 0.066249 0.088332
0 0.250178 0.641599 0.066249 0.088332
0 0.324631 0.641062 0.066249 0.088332
0 0.399084 0.640525 0.066249 0.088332
0 0.473536 0.639988 0.066249 0.088332
0 0.547989 0.639451 0.066249 0.088332
0 0.622442 0.638913 0.066249 0.088332
0 0.696894 0.638376 0.066249 0.088332
0 0.771347 0.637839 0.066249 0.088332
0 0.845799 0.637302 0.066249 0.088332
0 0.920252 0.636765 0.066249 0.088332
0 0.103269 0.747424 0.066249 0.088332
0 0.177722 0.746887 0.066249 0.088332
0 0.252175 0.746350 0.066249 0.088332
0 0.326627 0.745812 0.066249 0.088332
0 0.401080 0.745275 0.066249 0.088332
0 0.475532 0.744738 0.066249 0.088332
0 0.549985 0.744201 0.066249 0.088332
0 0.624438 0.743664 0.066249 0.088332
0 0.698890 0.743127 0.066249 0.088332
0 0.773343 0.742590 0.066249 0.088332
0 0.847795 0.742052 0.066249 0.088332
0 0.922248 0.741515 0.066249 0.088332
0 0.105265 0.852174 0.066249 0.088332
0 0.179718 0.851637 0.066249 0.088332
0 0.254171 0.851100 0.066249 0.088332
0 0.328623 0.850563 0.066249 0.088332
0 0.403076 0.850026 0.066249 0.088332
0 0.477528 0.849489 0.066249 0.088332
0 0.551981 0.848952 0.066249 0.088332
0 0.626434 0.848414 0.066249 0.088332
0 0.700886 0.847877 0.066249 0.088332
0 0.775339 0.847340 0.066249 0.088332
0 0.849791 0.846803 0.066249 0.088332
0 0.924244 0.846266 0.066249 0.088332
0 0.107261 0.955728 0.066249 0.085939
0 0.181714 0.955460 0.066249 0.086476
0 0.256167 0.955191 0.066249 0.087013
0 0.330619 0.954923 0.066249 0.087551
0 0.405072 0.954654 0.066249 0.088088
0 0.479524 0.954239 0.066249 0.088332
0 0.553977 0.953702 0.066249 0.088332
0 0.628418 0.952744 0.066249 0.087489
0 0.702850 0.951436 0.066249 0.085948
0 0.777282 0.950128 0.066249 0.084407
0 0.851714 0.948820 0.066249 0.082865
0 0.926146 0.947513 0.066249 0.081324
