0 0.131573 0.126332 0.070020 0.093360
0 0.206201 0.131475 0.070020 0.093360
0 0.280829 0.136617 0.070020 0.093360
0 0.355456 0.141760 0.070020 0.093360
0 0.430084 0.146903 0.070020 0.093360
0 0.504712 0.152045 0.070020 0.093360
0 0.579339 0.157188 0.070020 0.093360
0 0.653967 0.162330 0.070020 0.093360
0 0.728595 0.167473 0.070020 0.093360
0 0.803223 0.172615 0.070020 0.093360
0 0.128073 0.225628 0.070020 0.093360
0 0.202701 0.230771 0.070020 0.093360
0 0.277329 0.235913 0.070020 0.093360
0 0.351956 0.241056 0.070020 0.093360
0 0.426584 0.246198 0.070020 0.093360
0 0.501212 0.251341 0.070020 0.093360
0 0.575839 0.256483 0.070020 0.093360
0 0.650467 0.261626 0.070020 0.093360
0 0.725095 0.266769 0.070020 0.093360
0 0.799723 0.271911 0.070020 0.093360
0 0.124573 0.324924 0.070020 0.093360
0 0.199201 0.330067 0.070020 0.093360
0 0.273829 0.335209 0.070020 0.093360
0 0.348456 0.340352 0.070020 0.093360
0 0.423084 0.345494 0.070020 0.093360
0 0.497712 0.350637 0.070020 0.093360
0 0.572340 0.355779 0.070020 0.093360
0 0.646967 0.360922 0.070020 0.093360
0 0.721595 0.366064 0.070020 0.093360
0 0.796223 0.371207 0.070020 0.093360
0 0.121073 0.424220 0.070020 0.093360
0 0.195701 0.429362 0.070020 0.093360
0 0.270329 0.434505 0.070020 0.093360
0 0.344956 0.439648 0.070020 0.093360
0 0.419584 0.444790 0.070020 0.093360
0 0.494212 0.449933 0.070020 0.093360
0 0.568840 0.455075 0.070020 0.093360
0 0.643467 0.460218 0.070020 0.093360
0 0.718095 0.465360 0.070020 0.093360
0 0.792723 0.470503 0.070020 0.093360
0 0.117573 0.523516 0.070020 0.093360
0 0.192201 0.528658 0.070020 0.093360
0 0.266829 0.533801 0.070020 0.093360
0 0.341457 0.538943 0.070020 0.093360
0 0.416084 0.544086 0.070020 0.093360
0 0.490712 0.549228 0.070020 0.093360
0 0.565340 0.554371 0.070020 0.093360
0 0.639967 0.559514 0.070020 0.093360
0 0.714595 0.564656 0.070020 0.093360
0 0.789223 0.569799 0.070020 0.093360
0 0.114073 0.622812 0.070020 0.093360
0 0.188701 0.627954 0.070020 0.093360
0 0.263329 0.633097 0.070020 0.093360
0 0.337957 0.638239 0.070020 0.093360
0 0.412584 0.643382 0.070020 0.093360
0 0.487212 0.648524 0.070020 0.093360
0 0.561840 0.653667 0.070020 0.093360
0 0.636467 0.658809 0.070020 0.093360
0 0.711095 0.663952 0.070020 0.093360
0 0.785723 0.669094 0.070020 0.093360
0 0.110573 0.722107 0.070020 0.093360
0 0.185201 0.727250 0.070020 0.093360
0 0.259829 0.732393 0.070020 0.093360
0 0.334457 0.737535 0.070020 0.093360
0 0.409084 0.742678 0.070020 0.093360
0 0.483712 0.747820 0.070020 0.093360
0 0.558340 0.752963 0.070020 0.093360
0 0.632968 0.758105 0.070020 0.093360
0 0.707595 0.763248 0.070020 0.093360
0 0.782223 0.768390 0.070020 0.093360
0 0.107074 0.821403 0.070020 0.093360
0 0.181701 0.826546 0.070020 0.093360
0 0.256329 0.831688 0.070020 0.093360
0 0.330957 0.836831 0.070020 0.093360
0 0.405584 0.841973 0.070020 0.093360
0 0.480212 0.847116 0.070020 0.093360
0 0.554840 0.852259 0.070020 0.093360
0 0.629468 0.857401 0.070020 0.093360
0 0.704095 0.862544 0.070020 0.093360
0 0.778723 0.867686 0.070020 0.093360
