0 0.140451 0.215528 0.059360 0.079147
0 0.204525 0.218297 0.059360 0.079147
0 0.268600 0.221067 0.059360 0.079147
0 0.332675 0.223836 0.059360 0.079147
0 0.396749 0.226606 0.059360 0.079147
0 0.460824 0.229375 0.059360 0.079147
0 0.524898 0.232145 0.059360 0.079147
0 0.588973 0.234914 0.059360 0.079147
0 0.653047 0.237684 0.059360 0.079147
0 0.717122 0.240453 0.059360 0.079147
0 0.781196 0.243223 0.059360 0.079147
0 0.845271 0.245992 0.059360 0.079147
0 0.137553 0.300667 0.059360 0.079147
0 0.201627 0.303437 0.059360 0.079147
0 0.265702 0.306206 0.059360 0.079147
0 0.329777 0.308976 0.059360 0.079147
0 0.393851 0.311745 0.059360 0.079147
0 0.457926 0.314515 0.059360 0.079147
0 0.522000 0.317284 0.059360 0.079147
0 0.586075 0.320054 0.059360 0.079147
0 0.650149 0.322823 0.059360 0.079147
0 0.714224 0.325593 0.059360 0.079147
0 0.778299 0.328362 0.059360 0.079147
0 0.842373 0.331132 0.059360 0.079147
0 0.134655 0.385807 0.059360 0.079147
0 0.198730 0.388577 0.059360 0.079147
0 0.262804 0.391346 0.059360 0.079147
0 0.326879 0.394116 0.059360 0.079147
0 0.390953 0.396885 0.059360 0.079147
0 0.455028 0.399655 0.059360 0.079147
0 0.519102 0.402424 0.059360 0.079147
0 0.583177 0.405194 0.059360 0.079147
0 0.647252 0.407963 0.059360 0.079147
0 0.711326 0.410733 0.059360 0.079147
0 0.775401 0.413502 0.059360 0.079147
0 0.839475 0.416272 0.059360 0.079147
0 0.131757 0.470947 0.059360 0.079147
0 0.195832 0.473717 0.059360 0.079147
0 0.259906 0.476486 0.059360 0.079147
0 0.323981 0.479256 0.059360 0.079147
0 0.388055 0.482025 0.059360 0.079147
0 0.452130 0.484795 0.059360 0.079147
0 0.516204 0.487564 0.059360 0.079147
0 0.580279 0.490334 0.059360 0.079147
0 0.644354 0.493103 0.059360 0.079147
0 0.708428 0.495873 0.059360 0.079147
0 0.772503 0.498642 0.059360 0.079147
0 0.836577 0.501412 0.059360 0.079147
0 0.128859 0.556087 0.059360 0.079147
0 0.192934 0.558857 0.059360 0.079147
0 0.257008 0.561626 0.059360 0.079147
0 0.321083 0.564396 0.059360 0.079147
0 0.385157 0.567165 0.059360 0.079147
0 0.449232 0.569935 0.059360 0.079147
0 0.513307 0.572704 0.059360 0.079147
0 0.577381 0.575474 0.059360 0.079147
0 0.641456 0.578243 0.059360 0.079147
0 0.705530 0.581013 0.059360 0.079147
0 0.769605 0.583782 0.059360 0.079147
0 0.833679 0.586552 0.059360 0.079147
0 0.125961 0.641227 0.059360 0.079147
0 0.190036 0.643996 0.059360 0.079147
0 0.254110 0.646766 0.059360 0.079147
0 0.318185 0.649535 0.059360 0.079147
0 0.382260 0.652305 0.059360 0.079147
0 0.446334 0.655074 0.059360 0.079147
0 0.510409 0.657844 0.059360 0.079147
0 0.574483 0.660613 0.059360 0.079147
0 0.638558 0.663383 0.059360 0.079147
0 0.702632 0.666152 0.059360 0.079147
0 0.766707 0.668922 0.059360 0.079147
0 0.830781 0.671691 0.059360 0.079147
0 0.123063 0.726367 0.059360 0.079147
0 0.187138 0.729136 0.059360 0.079147
0 0.251213 0.731906 0.059360 0.079147
0 0.315287 0.734675 0.059360 0.079147
0 0.379362 0.737445 0.059360 0.079147
0 0.443436 0.740214 0.059360 0.079147
0 0.507511 0.742984 0.059360 0.079147
0 0.571585 0.745753 0.059360 0.079147
0 0.635660 0.748523 0.059360 0.079147
0 0.699734 0.751292 0.059360 0.079147
0 0.763809 0.754062 0.059360 0.079147
0 0.827884 0.756831 0.059360 0.079147
0 0.120166 0.811507 0.059360 0.079147
0 0.184240 0.814276 0.059360 0.079147
0 0.248315 0.817046 0.059360 0.079147
0 0.312389 0.819815 0.059360 0.079147
0 0.376464 0.822585 0.059360 0.079147
0 0.440538 0.825354 0.059360 0.079147
0 0.504613 0.828124 0.059360 0.079147
0 0.568687 0.830893 0.059360 0.079147
0 0.632762 0.833663 0.059360 0.079147
0 0.696837 0.836432 0.059360 0.079147
0 0.760911 0.839202 0.059360 0.079147
0 0.824986 0.841971 0.059360 0.079147
