0 0.095460 0.213023 0.070089 0.093452
0 0.169117 0.217182 0.070089 0.093452
0 0.242773 0.221340 0.070089 0.093452
0 0.316430 0.225499 0.070089 0.093452
0 0.390087 0.229658 0.070089 0.093452
0 0.463743 0.233816 0.070089 0.093452
0 0.537400 0.237975 0.070089 0.093452
0 0.611057 0.242133 0.070089 0.093452
0 0.684714 0.246292 0.070089 0.093452
0 0.758370 0.250450 0.070089 0.093452
0 0.091148 0.311467 0.070089 0.093452
0 0.164805 0.315626 0.070089 0.093452
0 0.238462 0.319784 0.070089 0.093452
0 0.312118 0.323943 0.070089 0.093452
0 0.385775 0.328101 0.070089 0.093452
0 0.459432 0.332260 0.070089 0.093452
0 0.533088 0.336418 0.070089 0.093452
0 0.606745 0.340577 0.070089 0.093452
0 0.680402 0.344736 0.070089 0.093452
0 0.754059 0.348894 0.070089 0.093452
0 0.086837 0.409911 0.070089 0.093452
0 0.160493 0.414069 0.070089 0.093452
0 0.234150 0.418228 0.070089 0.093452
0 0.307807 0.422387 0.070089 0.093452
0 0.381463 0.426545 0.070089 0.093452
0 0.455120 0.430704 0.070089 0.093452
0 0.528777 0.434862 0.070089 0.093452
0 0.602433 0.439021 0.070089 0.093452
0 0.676090 0.443179 0.070089 0.093452
0 0.749747 0.447338 0.070089 0.093452
0 0.082525 0.508355 0.070089 0.093452
0 0.156182 0.512513 0.070089 0.093452
0 0.229838 0.516672 0.070089 0.093452
0 0.303495 0.520830 0.070089 0.093452
0 0.377152 0.524989 0.070089 0.093452
0 0.450808 0.529148 0.070089 0.093452
0 0.524465 0.533306 0.070089 0.093452
0 0.598122 0.537465 0.070089 0.093452
0 0.671778 0.541623 0.070089 0.093452
0 0.745435 0.545782 0.070089 0.093452
0 0.078213 0.606799 0.070089 0.093452
0 0.151870 0.610957 0.070089 0.093452
0 0.225527 0.615116 0.070089 0.093452
0 0.299183 0.619274 0.070089 0.093452
0 0.372840 0.623433 0.070089 0.093452
0 0.446497 0.627591 0.070089 0.093452
0 0.520153 0.631750 0.070089 0.093452
0 0.593810 0.635908 0.070089 0.093452
0 0.667467 0.640067 0.070089 0.093452
0 0.741123 0.644226 0.070089 0.093452
0 0.073901 0.705242 0.070089 0.093452
0 0.147558 0.709401 0.070089 0.093452
0 0.221215 0.713559 0.070089 0.093452
0 0.294872 0.717718 0.070089 0.093452
0 0.368528 0.721877 0.070089 0.093452
0 0.442185 0.726035 0.070089 0.093452
0 0.515842 0.730194 0.070089 0.093452
0 0.589498 0.734352 0.070089 0.093452
0 0.663155 0.738511 0.070089 0.093452
0 0.736812 0.742669 0.070089 0.093452
0 0.069590 0.803686 0.070089 0.093452
0 0.143246 0.807845 0.070089 0.093452
0 0.216903 0.812003 0.070089 0.093452
0 0.290560 0.816162 0.070089 0.093452
0 0.364217 0.820320 0.070089 0.093452
0 0.437873 0.824479 0.070089 0.093452
0 0.511530 0.828638 0.070089 0.093452
0 0.585187 0.832796 0.070089 0.093452
0 0.658843 0.836955 0.070089 0.093452
0 0.732500 0.841113 0.070089 0.093452
0 0.065278 0.902130 0.070089 0.093452
0 0.138935 0.906288 0.070089 0.093452
0 0.212591 0.910447 0.070089 0.093452
0 0.286248 0.914606 0.070089 0.093452
0 0.359905 0.918764 0.070089 0.093452
0 0.433562 0.922923 0.070089 0.093452
0 0.507218 0.927081 0.070089 0.093452
0 0.580875 0.931240 0.070089 0.093452
0 0.654532 0.935398 0.070089 0.093452
0 0.728188 0.939557 0.070089 0.093452
