0 0.136625 0.316139 0.055297 0.073729
0 0.195670 0.315151 0.055297 0.073729
0 0.254715 0.314163 0.055297 0.073729
0 0.313760 0.313175 0.055297 0.073729
0 0.372806 0.312186 0.055297 0.073729
0 0.431851 0.311198 0.055297 0.073729
0 0.490896 0.310210 0.055297 0.073729
0 0.549941 0.309222 0.055297 0.073729
0 0.608987 0.308234 0.055297 0.073729
0 0.668032 0.307246 0.055297 0.073729
0 0.727077 0.306257 0.055297 0.073729
0 0.136536 0.394903 0.055297 0.073729
0 0.195581 0.393915 0.055297 0.073729
0 0.254626 0.392927 0.055297 0.073729
0 0.313672 0.391939 0.055297 0.073729
0 0.372717 0.390951 0.055297 0.073729
0 0.431762 0.389962 0.055297 0.073729
0 0.490807 0.388974 0.055297 0.073729
0 0.549853 0.387986 0.055297 0.073729
0 0.608898 0.386998 0.055297 0.073729
0 0.667943 0.386010 0.055297 0.073729
0 0.726988 0.385022 0.055297 0.073729
0 0.136447 0.473667 0.055297 0.073729
0 0.195492 0.472679 0.055297 0.073729
0 0.254538 0.471691 0.055297 0.073729
0 0.313583 0.470703 0.055297 0.073729
0 0.372628 0.469715 0.055297 0.073729
0 0.431673 0.468727 0.055297 0.073729
0 0.490719 0.467739 0.055297 0.073729
0 0.549764 0.466750 0.055297 0.073729
0 0.608809 0.465762 0.055297 0.073729
0 0.667854 0.464774 0.055297 0.073729
0 0.726900 0.463786 0.055297 0.073729
0 0.136358 0.552432 0.055297 0.073729
0 0.195404 0.551444 0.055297 0.073729
0 0.254449 0.550455 0.055297 0.073729
0 0.313494 0.549467 0.055297 0.073729
0 0.372539 0.548479 0.055297 0.073729
0 0.431585 0.547491 0.055297 0.073729
0 0.490630 0.546503 0.055297 0.073729
0 0.549675 0.545515 0.055297 0.073729
0 0.608720 0.544526 0.055297 0.073729
0 0.667766 0.543538 0.055297 0.073729
0 0.726811 0.542550 0.055297 0.073729
0 0.136269 0.631196 0.055297 0.073729
0 0.195315 0.630208 0.055297 0.073729
0 0.254360 0.629220 0.055297 0.073729
0 0.313405 0.628231 0.055297 0.073729
0 0.372451 0.627243 0.055297 0.073729
0 0.431496 0.626255 0.055297 0.073729
0 0.490541 0.625267 0.055297 0.073729
0 0.549586 0.624279 0.055297 0.073729
0 0.608632 0.623291 0.055297 0.073729
0 0.667677 0.622302 0.055297 0.073729
0 0.726722 0.621314 0.055297 0.073729
0 0.136181 0.709960 0.055297 0.073729
0 0.195226 0.708972 0.055297 0.073729
0 0.254271 0.707984 0.055297 0.073729
0 0.313316 0.706996 0.055297 0.073729
0 0.372362 0.706007 0.055297 0.073729
0 0.431407 0.705019 0.055297 0.073729
0 0.490452 0.704031 0.055297 0.073729
0 0.549498 0.703043 0.055297 0.073729
0 0.608543 0.702055 0.055297 0.073729
0 0.667588 0.701067 0.055297 0.073729
0 0.726633 0.700079 0.055297 0.073729
0 0.136092 0.788724 0.055297 0.073729
0 0.195137 0.787736 0.055297 0.073729
0 0.254182 0.786748 0.055297 0.073729
0 0.313228 0.785760 0.055297 0.073729
0 0.372273 0.784772 0.055297 0.073729
0 0.431318 0.783784 0.055297 0.073729
0 0.490363 0.782795 0.055297 0.073729
0 0.549409 0.781807 0.055297 0.073729
0 0.608454 0.780819 0.055297 0.073729
0 0.667499 0.779831 0.055297 0.073729
0 0.726545 0.778843 0.055297 0.073729
0 0.136003 0.867489 0.055297 0.073729
0 0.195048 0.866500 0.055297 0.073729
0 0.254094 0.865512 0.055297 0.073729
0 0.313139 0.864524 0.055297 0.073729
0 0.372184 0.863536 0.055297 0.073729
0 0.431229 0.862548 0.055297 0.073729
0 0.490275 0.861560 0.055297 0.073729
0 0.549320 0.860571 0.055297 0.073729
0 0.608365 0.859583 0.055297 0.073729
0 0.667410 0.858595 0.055297 0.073729
0 0.726456 0.857607 0.055297 0.073729
