0 0.107612 0.245372 0.064606 0.086141
0 0.184269 0.241856 0.064606 0.086141
0 0.260926 0.238341 0.064606 0.086141
0 0.337583 0.234826 0.064606 0.086141
0 0.414240 0.231311 0.064606 0.086141
0 0.490897 0.227796 0.064606 0.086141
0 0.567554 0.224281 0.064606 0.086141
0 0.644211 0.220766 0.064606 0.086141
0 0.720868 0.217251 0.064606 0.086141
0 0.797525 0.213736 0.064606 0.086141
0 0.874182 0.210221 0.064606 0.086141
0 0.109550 0.349239 0.064606 0.086141
0 0.186207 0.345724 0.064606 0.086141
0 0.262864 0.342209 0.064606 0.086141
0 0.339521 0.338694 0.064606 0.086141
0 0.416178 0.335179 0.064606 0.086141
0 0.492835 0.331663 0.064606 0.086141
0 0.569492 0.328148 0.064606 0.086141
0 0.646149 0.324633 0.064606 0.086141
0 0.722806 0.321118 0.064606 0.086141
0 0.799463 0.317603 0.064606 0.086141
0 0.876120 0.314088 0.064606 0.086141
0 0.111488 0.453106 0.064606 0.086141
0 0.188145 0.449591 0.064606 0.086141
0 0.264802 0.446076 0.064606 0.086141
0 0.341459 0.442561 0.064606 0.086141
0 0.418116 0.439046 0.064606 0.086141
0 0.494773 0.435531 0.064606 0.086141
0 0.571430 0.432016 0.064606 0.086141
0 0.648087 0.428501 0.064606 0.086141
0 0.724744 0.424986 0.064606 0.086141
0 0.801401 0.421470 0.064606 0.086141
0 0.878058 0.417955 0.064606 0.086141
0 0.113425 0.556973 0.064606 0.086141
0 0.190082 0.553458 0.064606 0.086141
0 0.266739 0.549943 0.064606 0.086141
0 0.343396 0.546428 0.064606 0.086141
0 0.420053 0.542913 0.064606 0.086141
0 0.496710 0.539398 0.064606 0.086141
0 0.573367 0.535883 0.064606 0.086141
0 0.650024 0.532368 0.064606 0.086141
0 0.726681 0.528853 0.064606 0.086141
0 0.803338 0.525338 0.064606 0.086141
0 0.879995 0.521823 0.064606 0.086141
0 0.115363 0.660840 0.064606 0.086141
0 0.192020 0.657325 0.064606 0.086141
0 0.268677 0.653810 0.064606 0.086141
0 0.345334 0.650295 0.064606 0.086141
0 0.421991 0.646780 0.064606 0.086141
0 0.498648 0.643265 0.064606 0.086141
0 0.575305 0.639750 0.064606 0.086141
0 0.651962 0.636235 0.064606 0.086141
0 0.728619 0.632720 0.064606 0.086141
0 0.805276 0.629205 0.064606 0.086141
0 0.881933 0.625690 0.064606 0.086141
0 0.117301 0.764707 0.064606 0.086141
0 0.193958 0.761192 0.064606 0.086141
0 0.270615 0.757677 0.064606 0.086141
0 0.347272 0.754162 0.064606 0.086141
0 0.423929 0.750647 0.064606 0.086141
0 0.500586 0.747132 0.064606 0.086141
0 0.577243 0.743617 0.064606 0.086141
0 0.653900 0.740102 0.064606 0.086141
0 0.730557 0.736587 0.064606 0.086141
0 0.807214 0.733072 0.064606 0.086141
0 0.883871 0.729557 0.064606 0.086141
0 0.119239 0.868575 0.064606 0.086141
0 0.195896 0.865060 0.064606 0.086141
0 0.272553 0.861545 0.064606 0.086141
0 0.349210 0.858030 0.064606 0.086141
0 0.425867 0.854514 0.064606 0.086141
0 0.502524 0.850999 0.064606 0.086141
0 0.579181 0.847484 0.064606 0.086141
0 0.655838 0.843969 0.064606 0.086141
0 0.732495 0.840454 0.064606 0.086141
0 0.809152 0.836939 0.064606 0.086141
0 0.885809 0.833424 0.064606 0.086141
0 0.121176 0.964035 0.064606 0.069327
0 0.197833 0.962277 0.064606 0.072842
0 0.274490 0.960520 0.064606 0.076357
0 0.351147 0.958762 0.064606 0.079872
0 0.427804 0.957004 0.064606 0.083387
0 0.504461 0.954867 0.064606 0.086141
0 0.581118 0.951352 0.064606 0.086141
0 0.657775 0.947837 0.064606 0.086141
0 0.734432 0.944321 0.064606 0.086141
0 0.811089 0.940806 0.064606 0.086141
0 0.887746 0.937291 0.064606 0.086141
