0 0.142985 0.295180 0.055297 0.073729
0 0.202007 0.297627 0.055297 0.073729
0 0.261028 0.300074 0.055297 0.073729
0 0.320050 0.302521 0.055297 0.073729
0 0.379071 0.304968 0.055297 0.073729
0 0.438092 0.307414 0.055297 0.073729
0 0.497114 0.309861 0.055297 0.073729
0 0.556135 0.312308 0.055297 0.073729
0 0.615156 0.314755 0.055297 0.073729
0 0.674178 0.317202 0.055297 0.073729
0 0.733199 0.319648 0.055297 0.073729
0 0.140320 0.373864 0.055297 0.073729
0 0.199341 0.376311 0.055297 0.073729
0 0.258363 0.378758 0.055297 0.073729
0 0.317384 0.381205 0.055297 0.073729
0 0.376405 0.383652 0.055297 0.073729
0 0.435427 0.386099 0.055297 0.073729
0 0.494448 0.388545 0.055297 0.073729
0 0.553470 0.390992 0.055297 0.073729
0 0.612491 0.393439 0.055297 0.073729
0 0.671512 0.395886 0.055297 0.073729
0 0.730534 0.398333 0.055297 0.073729
0 0.137655 0.452549 0.055297 0.073729
0 0.196676 0.454995 0.055297 0.073729
0 0.255697 0.457442 0.055297 0.073729
0 0.314719 0.459889 0.055297 0.073729
0 0.373740 0.462336 0.055297 0.073729
0 0.432761 0.464783 0.055297 0.073729
0 0.491783 0.467229 0.055297 0.073729
0 0.550804 0.469676 0.055297 0.073729
0 0.609826 0.472123 0.055297 0.073729
0 0.668847 0.474570 0.055297 0.073729
0 0.727868 0.477017 0.055297 0.073729
0 0.134989 0.531233 0.055297 0.073729
0 0.194010 0.533679 0.055297 0.073729
0 0.253032 0.536126 0.055297 0.073729
0 0.312053 0.538573 0.055297 0.073729
0 0.371075 0.541020 0.055297 0.073729
0 0.430096 0.543467 0.055297 0.073729
0 0.489117 0.545914 0.055297 0.073729
0 0.548139 0.548360 0.055297 0.073729
0 0.607160 0.550807 0.055297 0.073729
0 0.666182 0.553254 0.055297 0.073729
0 0.725203 0.555701 0.055297 0.073729
0 0.132324 0.609917 0.055297 0.073729
0 0.191345 0.612364 0.055297 0.073729
0 0.250366 0.614810 0.055297 0.073729
0 0.309388 0.617257 0.055297 0.073729
0 0.368409 0.619704 0.055297 0.073729
0 0.427431 0.622151 0.055297 0.073729
0 0.486452 0.624598 0.055297 0.073729
0 0.545473 0.627044 0.055297 0.073729
0 0.604495 0.629491 0.055297 0.073729
0 0.663516 0.631938 0.055297 0.073729
0 0.722538 0.634385 0.055297 0.073729
0 0.129658 0.688601 0.055297 0.073729
0 0.188680 0.691048 0.055297 0.073729
0 0.247701 0.693494 0.055297 0.073729
0 0.306722 0.695941 0.055297 0.073729
0 0.365744 0.698388 0.055297 0.073729
0 0.424765 0.700835 0.055297 0.073729
0 0.483787 0.703282 0.055297 0.073729
0 0.542808 0.705729 0.055297 0.073729
0 0.601829 0.708175 0.055297 0.073729
0 0.660851 0.710622 0.055297 0.073729
0 0.719872 0.713069 0.055297 0.073729
0 0.126993 0.767285 0.055297 0.073729
0 0.186014 0.769732 0.055297 0.073729
0 0.245036 0.772179 0.055297 0.073729
0 0.304057 0.774625 0.055297 0.073729
0 0.363078 0.777072 0.055297 0.073729
0 0.422100 0.779519 0.055297 0.073729
0 0.481121 0.781966 0.055297 0.073729
0 0.540143 0.784413 0.055297 0.073729
0 0.599164 0.786859 0.055297 0.073729
0 0.658185 0.789306 0.055297 0.073729
0 0.717207 0.791753 0.055297 0.073729
0 0.124327 0.845969 0.055297 0.073729
0 0.183349 0.848416 0.055297 0.073729
0 0.242370 0.850863 0.055297 0.073729
0 0.301392 0.853309 0.055297 0.073729
0 0.360413 0.855756 0.055297 0.073729
0 0.419434 0.858203 0.055297 0.073729
0 0.478456 0.860650 0.055297 0.073729
0 0.537477 0.863097 0.055297 0.073729
0 0.596498 0.865543 0.055297 0.073729
0 0.655520 0.867990 0.055297 0.073729
0 0.714541 0.870437 0.055297 0.073729
