0 0.091847 0.235721 0.070089 0.093452
0 0.165617 0.235762 0.070089 0.093452
0 0.239386 0.235803 0.070089 0.093452
0 0.313156 0.235844 0.070089 0.093452
0 0.386926 0.235885 0.070089 0.093452
0 0.460696 0.235926 0.070089 0.093452
0 0.534466 0.235967 0.070089 0.093452
0 0.608236 0.236008 0.070089 0.093452
0 0.682006 0.236050 0.070089 0.093452
0 0.755776 0.236091 0.070089 0.093452
0 0.092846 0.334258 0.070089 0.093452
0 0.166616 0.334299 0.070089 0.093452
0 0.240386 0.334340 0.070089 0.093452
0 0.314156 0.334381 0.070089 0.093452
0 0.387926 0.334422 0.070089 0.093452
0 0.461696 0.334463 0.070089 0.093452
0 0.535466 0.334504 0.070089 0.093452
0 0.609236 0.334545 0.070089 0.093452
0 0.683006 0.334586 0.070089 0.093452
0 0.756775 0.334627 0.070089 0.093452
0 0.093845 0.432794 0.070089 0.093452
0 0.167615 0.432835 0.070089 0.093452
0 0.241385 0.432876 0.070089 0.093452
0 0.315155 0.432917 0.070089 0.093452
0 0.388925 0.432958 0.070089 0.093452
0 0.462695 0.432999 0.070089 0.093452
0 0.536465 0.433040 0.070089 0.093452
0 0.610235 0.433081 0.070089 0.093452
0 0.684005 0.433122 0.070089 0.093452
0 0.757775 0.433163 0.070089 0.093452
0 0.094845 0.531330 0.070089 0.093452
0 0.168615 0.531371 0.070089 0.093452
0 0.242385 0.531412 0.070089 0.093452
0 0.316155 0.531453 0.070089 0.093452
0 0.389925 0.531494 0.070089 0.093452
0 0.463695 0.531535 0.070089 0.093452
0 0.537464 0.531576 0.070089 0.093452
0 0.611234 0.531617 0.070089 0.093452
0 0.685004 0.531658 0.070089 0.093452
0 0.758774 0.531700 0.070089 0.093452
0 0.095844 0.629867 0.070089 0.093452
0 0.169614 0.629908 0.070089 0.093452
0 0.243384 0.629949 0.070089 0.093452
0 0.317154 0.629990 0.070089 0.093452
0 0.390924 0.630031 0.070089 0.093452
0 0.464694 0.630072 0.070089 0.093452
0 0.538464 0.630113 0.070089 0.093452
0 0.612234 0.630154 0.070089 0.093452
0 0.686004 0.630195 0.070089 0.093452
0 0.759774 0.630236 0.070089 0.093452
0 0.096844 0.728403 0.070089 0.093452
0 0.170614 0.728444 0.070089 0.093452
0 0.244384 0.728485 0.070089 0.093452
0 0.318154 0.728526 0.070089 0.093452
0 0.391923 0.728567 0.070089 0.093452
0 0.465693 0.728608 0.070089 0.093452
0 0.539463 0.728649 0.070089 0.093452
0 0.613233 0.728690 0.070089 0.093452
0 0.687003 0.728731 0.070089 0.093452
0 0.760773 0.728772 0.070089 0.093452
0 0.097843 0.826939 0.070089 0.093452
0 0.171613 0.826980 0.070089 0.093452
0 0.245383 0.827021 0.070089 0.093452
0 0.319153 0.827062 0.070089 0.093452
0 0.392923 0.827103 0.070089 0.093452
0 0.466693 0.827144 0.070089 0.093452
0 0.540463 0.827185 0.070089 0.093452
0 0.614233 0.827226 0.070089 0.093452
0 0.688003 0.827267 0.070089 0.093452
0 0.761773 0.827308 0.070089 0.093452
0 0.098843 0.925476 0.070089 0.093452
0 0.172612 0.925517 0.070089 0.093452
0 0.246382 0.925558 0.070089 0.093452
0 0.320152 0.925599 0.070089 0.093452
0 0.393922 0.925640 0.070089 0.093452
0 0.467692 0.925681 0.070089 0.093452
0 0.541462 0.925722 0.070089 0.093452
0 0.615232 0.925763 0.070089 0.093452
0 0.689002 0.925804 0.070089 0.093452
0 0.762772 0.925845 0.070089 0.093452
