0 0.173767 0.289348 0.057340 0.076454
0 0.235274 0.286378 0.057340 0.076454
0 0.296781 0.283408 0.057340 0.076454
0 0.358288 0.280437 0.057340 0.076454
0 0.419794 0.277467 0.057340 0.076454
0 0.481301 0.274496 0.057340 0.076454
0 0.542808 0.271526 0.057340 0.076454
0 0.604315 0.268556 0.057340 0.076454
0 0.665822 0.265585 0.057340 0.076454
0 0.727329 0.262615 0.057340 0.076454
0 0.788836 0.259644 0.057340 0.076454
0 0.850343 0.256674 0.057340 0.076454
0 0.177027 0.371519 0.057340 0.076454
0 0.238534 0.368548 0.057340 0.076454
0 0.300041 0.365578 0.057340 0.076454
0 0.361547 0.362608 0.057340 0.076454
0 0.423054 0.359637 0.057340 0.076454
0 0.484561 0.356667 0.057340 0.076454
0 0.546068 0.353696 0.057340 0.076454
0 0.607575 0.350726 0.057340 0.076454
0 0.669082 0.347756 0.057340 0.076454
0 0.730589 0.344785 0.057340 0.076454
0 0.792096 0.341815 0.057340 0.076454
0 0.853603 0.338844 0.057340 0.076454
0 0.180287 0.453689 0.057340 0.076454
0 0.241794 0.450719 0.057340 0.076454
0 0.303300 0.447749 0.057340 0.076454
0 0.364807 0.444778 0.057340 0.076454
0 0.426314 0.441808 0.057340 0.076454
0 0.487821 0.438837 0.057340 0.076454
0 0.549328 0.435867 0.057340 0.076454
0 0.610835 0.432897 0.057340 0.076454
0 0.672342 0.429926 0.057340 0.076454
0 0.733849 0.426956 0.057340 0.076454
0 0.795356 0.423985 0.057340 0.076454
0 0.856863 0.421015 0.057340 0.076454
0 0.183547 0.535860 0.057340 0.076454
0 0.245054 0.532889 0.057340 0.076454
0 0.306560 0.529919 0.057340 0.076454
0 0.368067 0.526949 0.057340 0.076454
0 0.429574 0.523978 0.057340 0.076454
0 0.491081 0.521008 0.057340 0.076454
0 0.552588 0.518037 0.057340 0.076454
0 0.614095 0.515067 0.057340 0.076454
0 0.675602 0.512097 0.057340 0.076454
0 0.737109 0.509126 0.057340 0.076454
0 0.798616 0.506156 0.057340 0.076454
0 0.860123 0.503185 0.057340 0.076454
0 0.186807 0.618030 0.057340 0.076454
0 0.248313 0.615060 0.057340 0.076454
0 0.309820 0.612090 0.057340 0.076454
0 0.371327 0.609119 0.057340 0.076454
0 0.432834 0.606149 0.057340 0.076454
0 0.494341 0.603178 0.057340 0.076454
0 0.555848 0.600208 0.057340 0.076454
0 0.617355 0.597238 0.057340 0.076454
0 0.678862 0.594267 0.057340 0.076454
0 0.740369 0.591297 0.057340 0.076454
0 0.801876 0.588326 0.057340 0.076454
0 0.863383 0.585356 0.057340 0.076454
0 0.190066 0.700201 0.057340 0.076454
0 0.251573 0.697230 0.057340 0.076454
0 0.313080 0.694260 0.057340 0.076454
0 0.374587 0.691290 0.057340 0.076454
0 0.436094 0.688319 0.057340 0.076454
0 0.497601 0.685349 0.057340 0.076454
0 0.559108 0.682378 0.057340 0.076454
0 0.620615 0.679408 0.057340 0.076454
0 0.682122 0.676438 0.057340 0.076454
0 0.743629 0.673467 0.057340 0.076454
0 0.805136 0.670497 0.057340 0.076454
0 0.866643 0.667526 0.057340 0.076454
0 0.193326 0.782371 0.057340 0.076454
0 0.254833 0.779401 0.057340 0.076454
0 0.316340 0.776431 0.057340 0.076454
0 0.377847 0.773460 0.057340 0.076454
0 0.439354 0.770490 0.057340 0.076454
0 0.500861 0.767519 0.057340 0.076454
0 0.562368 0.764549 0.057340 0.076454
0 0.623875 0.761579 0.057340 0.076454
0 0.685382 0.758608 0.057340 0.076454
0 0.746889 0.755638 0.057340 0.076454
0 0.808396 0.752667 0.057340 0.076454
0 0.869902 0.749697 0.057340 0.076454
0 0.196586 0.864542 0.057340 0.076454
0 0.258093 0.861571 0.057340 0.076454
0 0.319600 0.858601 0.057340 0.076454
0 0.381107 0.855631 0.057340 0.076454
0 0.442614 0.852660 0.057340 0.076454
0 0.504121 0.849690 0.057340 0.076454
0 0.565628 0.846719 0.057340 0.076454
0 0.627135 0.843749 0.057340 0.076454
0 0.688642 0.840779 0.057340 0.076454
0 0.750149 0.837808 0.057340 0.076454
0 0.811655 0.834838 0.057340 0.076454
0 0.873162 0.831867 0.057340 0.076454
