0 0.115922 0.158812 0.070020 0.093360
0 0.190652 0.157522 0.070020 0.093360
0 0.265382 0.156233 0.070020 0.093360
0 0.340112 0.154944 0.070020 0.093360
0 0.414842 0.153654 0.070020 0.093360
0 0.489572 0.152365 0.070020 0.093360
0 0.564302 0.151076 0.070020 0.093360
0 0.639032 0.149786 0.070020 0.093360
0 0.713762 0.148497 0.070020 0.093360
0 0.788492 0.147207 0.070020 0.093360
0 0.118354 0.258202 0.070020 0.093360
0 0.193084 0.256913 0.070020 0.093360
0 0.267814 0.255623 0.070020 0.093360
0 0.342544 0.254334 0.070020 0.093360
0 0.417274 0.253044 0.070020 0.093360
0 0.492004 0.251755 0.070020 0.093360
0 0.566734 0.250466 0.070020 0.093360
0 0.641464 0.249176 0.070020 0.093360
0 0.716194 0.247887 0.070020 0.093360
0 0.790924 0.246597 0.070020 0.093360
0 0.120785 0.357592 0.070020 0.093360
0 0.195515 0.356303 0.070020 0.093360
0 0.270245 0.355013 0.070020 0.093360
0 0.344975 0.353724 0.070020 0.093360
0 0.419705 0.352434 0.070020 0.093360
0 0.494435 0.351145 0.070020 0.093360
0 0.569165 0.349856 0.070020 0.093360
0 0.643895 0.348566 0.070020 0.093360
0 0.718625 0.347277 0.070020 0.093360
0 0.793355 0.345987 0.070020 0.093360
0 0.123217 0.456982 0.070020 0.093360
0 0.197947 0.455693 0.070020 0.093360
0 0.272677 0.454403 0.070020 0.093360
0 0.347407 0.453114 0.070020 0.093360
0 0.422137 0.451824 0.070020 0.093360
0 0.496867 0.450535 0.070020 0.093360
0 0.571597 0.449246 0.070020 0.093360
0 0.646327 0.447956 0.070020 0.093360
0 0.721057 0.446667 0.070020 0.093360
0 0.795787 0.445377 0.070020 0.093360
0 0.125648 0.556372 0.070020 0.093360
0 0.200378 0.555083 0.070020 0.093360
0 0.275108 0.553793 0.070020 0.093360
0 0.349838 0.552504 0.070020 0.093360
0 0.424568 0.551214 0.070020 0.093360
0 0.499298 0.549925 0.070020 0.093360
0 0.574028 0.548636 0.070020 0.093360
0 0.648758 0.547346 0.070020 0.093360
0 0.723488 0.546057 0.070020 0.093360
0 0.798218 0.544768 0.070020 0.093360
0 0.128080 0.655762 0.070020 0.093360
0 0.202810 0.654473 0.070020 0.093360
0 0.277540 0.653183 0.070020 0.093360
0 0.352270 0.651894 0.070020 0.093360
0 0.427000 0.650604 0.070020 0.093360
0 0.501730 0.649315 0.070020 0.093360
0 0.576460 0.648026 0.070020 0.093360
0 0.651190 0.646736 0.070020 0.093360
0 0.725920 0.645447 0.070020 0.093360
0 0.800650 0.644158 0.070020 0.093360
0 0.130511 0.755152 0.070020 0.093360
0 0.205241 0.753863 0.070020 0.093360
0 0.279971 0.752573 0.070020 0.093360
0 0.354701 0.751284 0.070020 0.093360
0 0.429431 0.749994 0.070020 0.093360
0 0.504161 0.748705 0.070020 0.093360
0 0.578891 0.747416 0.070020 0.093360
0 0.653621 0.746126 0.070020 0.093360
0 0.728351 0.744837 0.070020 0.093360
0 0.803081 0.743548 0.070020 0.093360
0 0.132943 0.854542 0.070020 0.093360
0 0.207673 0.853253 0.070020 0.093360
0 0.282403 0.851963 0.070020 0.093360
0 0.357133 0.850674 0.070020 0.093360
0 0.431863 0.849384 0.070020 0.093360
0 0.506593 0.848095 0.070020 0.093360
0 0.581323 0.846806 0.070020 0.093360
0 0.656053 0.845516 0.070020 0.093360
0 0.730783 0.844227 0.070020 0.093360
0 0.805513 0.842938 0.070020 0.093360
