0 0.158050 0.273792 0.061640 0.082187
0 0.224290 0.273446 0.061640 0.082187
0 0.290529 0.273101 0.061640 0.082187
0 0.356769 0.272755 0.061640 0.082187
0 0.423008 0.272409 0.061640 0.082187
0 0.489248 0.272064 0.061640 0.082187
0 0.555488 0.271718 0.061640 0.082187
0 0.621727 0.271372 0.061640 0.082187
0 0.687967 0.271027 0.061640 0.082187
0 0.754206 0.270681 0.061640 0.082187
0 0.820446 0.270335 0.061640 0.082187
0 0.886686 0.269990 0.061640 0.082187
0 0.158387 0.362164 0.061640 0.082187
0 0.224626 0.361818 0.061640 0.082187
0 0.290866 0.361473 0.061640 0.082187
0 0.357106 0.361127 0.061640 0.082187
0 0.423345 0.360781 0.061640 0.082187
0 0.489585 0.360436 0.061640 0.082187
0 0.555824 0.360090 0.061640 0.082187
0 0.622064 0.359744 0.061640 0.082187
0 0.688304 0.359399 0.061640 0.082187
0 0.754543 0.359053 0.061640 0.082187
0 0.820783 0.358707 0.061640 0.082187
0 0.887022 0.358361 0.061640 0.082187
0 0.158724 0.450536 0.061640 0.082187
0 0.224963 0.450190 0.061640 0.082187
0 0.291203 0.449845 0.061640 0.082187
0 0.357442 0.449499 0.061640 0.082187
0 0.423682 0.449153 0.061640 0.082187
0 0.489922 0.448807 0.061640 0.082187
0 0.556161 0.448462 0.061640 0.082187
0 0.622401 0.448116 0.061640 0.082187
0 0.688640 0.447770 0.061640 0.082187
0 0.754880 0.447425 0.061640 0.082187
0 0.821120 0.447079 0.061640 0.082187
0 0.887359 0.446733 0.061640 0.082187
0 0.159060 0.538908 0.061640 0.082187
0 0.225300 0.538562 0.061640 0.082187
0 0.291540 0.538216 0.061640 0.082187
0 0.357779 0.537871 0.061640 0.082187
0 0.424019 0.537525 0.061640 0.082187
0 0.490258 0.537179 0.061640 0.082187
0 0.556498 0.536834 0.061640 0.082187
0 0.622738 0.536488 0.061640 0.082187
0 0.688977 0.536142 0.061640 0.082187
0 0.755217 0.535797 0.061640 0.082187
0 0.821456 0.535451 0.061640 0.082187
0 0.887696 0.535105 0.061640 0.082187
0 0.159397 0.627280 0.061640 0.082187
0 0.225637 0.626934 0.061640 0.082187
0 0.291877 0.626588 0.061640 0.082187
0 0.358116 0.626243 0.061640 0.082187
0 0.424356 0.625897 0.061640 0.082187
0 0.490595 0.625551 0.061640 0.082187
0 0.556835 0.625206 0.061640 0.082187
0 0.623075 0.624860 0.061640 0.082187
0 0.689314 0.624514 0.061640 0.082187
0 0.755554 0.624169 0.061640 0.082187
0 0.821793 0.623823 0.061640 0.082187
0 0.888033 0.623477 0.061640 0.082187
0 0.159734 0.715652 0.061640 0.082187
0 0.225974 0.715306 0.061640 0.082187
0 0.292213 0.714960 0.061640 0.082187
0 0.358453 0.714615 0.061640 0.082187
0 0.424693 0.714269 0.061640 0.082187
0 0.490932 0.713923 0.061640 0.082187
0 0.557172 0.713578 0.061640 0.082187
0 0.623411 0.713232 0.061640 0.082187
0 0.689651 0.712886 0.061640 0.082187
0 0.755891 0.712541 0.061640 0.082187
0 0.822130 0.712195 0.061640 0.082187
0 0.888370 0.711849 0.061640 0.082187
0 0.160071 0.804024 0.061640 0.082187
0 0.226311 0.803678 0.061640 0.082187
0 0.292550 0.803332 0.061640 0.082187
0 0.358790 0.802987 0.061640 0.082187
0 0.425029 0.802641 0.061640 0.082187
0 0.491269 0.802295 0.061640 0.082187
0 0.557509 0.801950 0.061640 0.082187
0 0.623748 0.801604 0.061640 0.082187
0 0.689988 0.801258 0.061640 0.082187
0 0.756227 0.800913 0.061640 0.082187
0 0.822467 0.800567 0.061640 0.082187
0 0.888707 0.800221 0.061640 0.082187
0 0.160408 0.892396 0.061640 0.082187
0 0.226647 0.892050 0.061640 0.082187
0 0.292887 0.891704 0.061640 0.082187
0 0.359127 0.891359 0.061640 0.082187
0 0.425366 0.891013 0.061640 0.082187
0 0.491606 0.890667 0.061640 0.082187
0 0.557845 0.890322 0.061640 0.082187
0 0.624085 0.889976 0.061640 0.082187
0 0.690325 0.889630 0.061640 0.082187
0 0.756564 0.889285 0.061640 0.082187
0 0.822804 0.888939 0.061640 0.082187
0 0.889043 0.888593 0.061640 0.082187
