0 0.142621 0.273971 0.060097 0.080130
0 0.208827 0.275363 0.060097 0.080130
0 0.275033 0.276756 0.060097 0.080130
0 0.341239 0.278149 0.060097 0.080130
0 0.407445 0.279541 0.060097 0.080130
0 0.473651 0.280934 0.060097 0.080130
0 0.539857 0.282326 0.060097 0.080130
0 0.140771 0.361778 0.060097 0.080130
0 0.206977 0.363170 0.060097 0.080130
0 0.273183 0.364563 0.060097 0.080130
0 0.339389 0.365956 0.060097 0.080130
0 0.405595 0.367348 0.060097 0.080130
0 0.471801 0.368741 0.060097 0.080130
0 0.538007 0.370133 0.060097 0.080130
0 0.138920 0.449585 0.060097 0.080130
0 0.205126 0.450977 0.060097 0.080130
0 0.271332 0.452370 0.060097 0.080130
0 0.337538 0.453763 0.060097 0.080130
0 0.403744 0.455155 0.060097 0.080130
0 0.469950 0.456548 0.060097 0.080130
0 0.536156 0.457940 0.060097 0.080130
0 0.137070 0.537392 0.060097 0.080130
0 0.203275 0.538784 0.060097 0.080130
0 0.269481 0.540177 0.060097 0.080130
0 0.335687 0.541570 0.060097 0.080130
0 0.401893 0.542962 0.060097 0.080130
0 0.468099 0.544355 0.060097 0.080130
0 0.534305 0.545747 0.060097 0.080130
0 0.135219 0.625199 0.060097 0.080130
0 0.201425 0.626591 0.060097 0.080130
0 0.267631 0.627984 0.060097 0.080130
0 0.333837 0.629377 0.060097 0.080130
0 0.400043 0.630769 0.060097 0.080130
0 0.466249 0.632162 0.060097 0.080130
0 0.532455 0.633554 0.060097 0.080130
0 0.133368 0.713006 0.060097 0.080130
0 0.199574 0.714398 0.060097 0.080130
0 0.265780 0.715791 0.060097 0.080130
0 0.331986 0.717183 0.060097 0.080130
0 0.398192 0.718576 0.060097 0.080130
0 0.464398 0.719969 0.060097 0.080130
0 0.530604 0.721361 0.060097 0.080130
0 0.131518 0.800813 0.060097 0.080130
0 0.197724 0.802205 0.060097 0.080130
0 0.263930 0.803598 0.060097 0.080130
0 0.330136 0.804990 0.060097 0.080130
0 0.396341 0.806383 0.060097 0.080130
0 0.462547 0.807776 0.060097 0.080130
0 0.528753 0.809168 0.060097 0.080130
0 0.129667 0.888620 0.060097 0.080130
0 0.195873 0.890012 0.060097 0.080130
0 0.262079 0.891405 0.060097 0.080130
0 0.328285 0.892797 0.060097 0.080130
0 0.394491 0.894190 0.060097 0.080130
0 0.460697 0.895583 0.060097 0.080130
0 0.526903 0.896975 0.060097 0.080130
