0 0.230424 0.069301 0.068395 0.091194
0 0.308557 0.065283 0.068395 0.091194
0 0.386691 0.061265 0.068395 0.091194
0 0.464825 0.057247 0.068395 0.091194
0 0.542959 0.053230 0.068395 0.091194
0 0.621092 0.049212 0.068395 0.091194
0 0.699226 0.045395 0.068395 0.090791
0 0.777360 0.043387 0.068395 0.086773
0 0.855494 0.041378 0.068395 0.082755
0 0.933627 0.039369 0.068395 0.078738
0 0.234426 0.171469 0.068395 0.091194
0 0.312560 0.167451 0.068395 0.091194
0 0.390694 0.163433 0.068395 0.091194
0 0.468827 0.159415 0.068395 0.091194
0 0.546961 0.155397 0.068395 0.091194
0 0.625095 0.151380 0.068395 0.091194
0 0.703229 0.147362 0.068395 0.091194
0 0.781362 0.143344 0.068395 0.091194
0 0.859496 0.139326 0.068395 0.091194
0 0.937630 0.135308 0.068395 0.091194
0 0.238429 0.273636 0.068395 0.091194
0 0.316563 0.269619 0.068395 0.091194
0 0.394696 0.265601 0.068395 0.091194
0 0.472830 0.261583 0.068395 0.091194
0 0.550964 0.257565 0.068395 0.091194
0 0.629098 0.253547 0.068395 0.091194
0 0.707231 0.249530 0.068395 0.091194
0 0.785365 0.245512 0.068395 0.091194
0 0.863499 0.241494 0.068395 0.091194
0 0.941633 0.237476 0.068395 0.091194
0 0.242431 0.375804 0.068395 0.091194
0 0.320565 0.371786 0.068395 0.091194
0 0.398699 0.367769 0.068395 0.091194
0 0.476833 0.363751 0.068395 0.091194
0 0.554966 0.359733 0.068395 0.091194
0 0.633100 0.355715 0.068395 0.091194
0 0.711234 0.351697 0.068395 0.091194
0 0.789368 0.347680 0.068395 0.091194
0 0.867501 0.343662 0.068395 0.091194
0 0.945635 0.339644 0.068395 0.091194
0 0.246434 0.477972 0.068395 0.091194
0 0.324568 0.473954 0.068395 0.091194
0 0.402702 0.469936 0.068395 0.091194
0 0.480835 0.465919 0.068395 0.091194
0 0.558969 0.461901 0.068395 0.091194
0 0.637103 0.457883 0.068395 0.091194
0 0.715237 0.453865 0.068395 0.091194
0 0.793370 0.449847 0.068395 0.091194
0 0.871504 0.445830 0.068395 0.091194
0 0.949638 0.441812 0.068395 0.091194
0 0.250437 0.580140 0.068395 0.091194
0 0.328570 0.576122 0.068395 0.091194
0 0.406704 0.572104 0.068395 0.091194
0 0.484838 0.568086 0.068395 0.091194
0 0.562972 0.564069 0.068395 0.091194
0 0.641105 0.560051 0.068395 0.091194
0 0.719239 0.556033 0.068395 0.091194
0 0.797373 0.552015 0.068395 0.091194
0 0.875507 0.547997 0.068395 0.091194
0 0.953640 0.543980 0.068395 0.091194
0 0.254439 0.682308 0.068395 0.091194
0 0.332573 0.678290 0.068395 0.091194
0 0.410707 0.674272 0.068395 0.091194
0 0.488840 0.670254 0.068395 0.091194
0 0.566974 0.666236 0.068395 0.091194
0 0.645108 0.662219 0.068395 0.091194
0 0.723242 0.658201 0.068395 0.091194
0 0.801375 0.654183 0.068395 0.091194
0 0.879509 0.650165 0.068395 0.091194
0 0.957643 0.646147 0.068395 0.091194
0 0.258442 0.784475 0.068395 0.091194
0 0.336576 0.780458 0.068395 0.091194
0 0.414709 0.776440 0.068395 0.091194
0 0.492843 0.772422 0.068395 0.091194
0 0.570977 0.768404 0.068395 0.091194
0 0.649111 0.764386 0.068395 0.091194
0 0.727244 0.760369 0.068395 0.091194
0 0.805378 0.756351 0.068395 0.091194
0 0.883512 0.752333 0.068395 0.091194
0 0.961646 0.748315 0.068395 0.091194
