0 0.165776 0.254120 0.061640 0.082187
0 0.231964 0.257627 0.061640 0.082187
0 0.298151 0.261134 0.061640 0.082187
0 0.364339 0.264641 0.061640 0.082187
0 0.430527 0.268148 0.061640 0.082187
0 0.496715 0.271655 0.061640 0.082187
0 0.562903 0.275162 0.061640 0.082187
0 0.629091 0.278669 0.061640 0.082187
0 0.695279 0.282176 0.061640 0.082187
0 0.761467 0.285684 0.061640 0.082187
0 0.827654 0.289191 0.061640 0.082187
0 0.893842 0.292698 0.061640 0.082187
0 0.163221 0.342427 0.061640 0.082187
0 0.229409 0.345934 0.061640 0.082187
0 0.295597 0.349441 0.061640 0.082187
0 0.361785 0.352948 0.061640 0.082187
0 0.427973 0.356456 0.061640 0.082187
0 0.494161 0.359963 0.061640 0.082187
0 0.560348 0.363470 0.061640 0.082187
0 0.626536 0.366977 0.061640 0.082187
0 0.692724 0.370484 0.061640 0.082187
0 0.758912 0.373991 0.061640 0.082187
0 0.825100 0.377498 0.061640 0.082187
0 0.891288 0.381005 0.061640 0.082187
0 0.160667 0.430735 0.061640 0.082187
0 0.226855 0.434242 0.061640 0.082187
0 0.293042 0.437749 0.061640 0.082187
0 0.359230 0.441256 0.061640 0.082187
0 0.425418 0.444763 0.061640 0.082187
0 0.491606 0.448270 0.061640 0.082187
0 0.557794 0.451777 0.061640 0.082187
0 0.623982 0.455284 0.061640 0.082187
0 0.690170 0.458791 0.061640 0.082187
0 0.756357 0.462298 0.061640 0.082187
0 0.822545 0.465806 0.061640 0.082187
0 0.888733 0.469313 0.061640 0.082187
0 0.158112 0.519042 0.061640 0.082187
0 0.224300 0.522549 0.061640 0.082187
0 0.290488 0.526056 0.061640 0.082187
0 0.356676 0.529563 0.061640 0.082187
0 0.422864 0.533070 0.061640 0.082187
0 0.489051 0.536577 0.061640 0.082187
0 0.555239 0.540085 0.061640 0.082187
0 0.621427 0.543592 0.061640 0.082187
0 0.687615 0.547099 0.061640 0.082187
0 0.753803 0.550606 0.061640 0.082187
0 0.819991 0.554113 0.061640 0.082187
0 0.886179 0.557620 0.061640 0.082187
0 0.155558 0.607349 0.061640 0.082187
0 0.221745 0.610857 0.061640 0.082187
0 0.287933 0.614364 0.061640 0.082187
0 0.354121 0.617871 0.061640 0.082187
0 0.420309 0.621378 0.061640 0.082187
0 0.486497 0.624885 0.061640 0.082187
0 0.552685 0.628392 0.061640 0.082187
0 0.618873 0.631899 0.061640 0.082187
0 0.685061 0.635406 0.061640 0.082187
0 0.751248 0.638913 0.061640 0.082187
0 0.817436 0.642420 0.061640 0.082187
0 0.883624 0.645928 0.061640 0.082187
0 0.153003 0.695657 0.061640 0.082187
0 0.219191 0.699164 0.061640 0.082187
0 0.285379 0.702671 0.061640 0.082187
0 0.351567 0.706178 0.061640 0.082187
0 0.417755 0.709685 0.061640 0.082187
0 0.483942 0.713192 0.061640 0.082187
0 0.550130 0.716699 0.061640 0.082187
0 0.616318 0.720207 0.061640 0.082187
0 0.682506 0.723714 0.061640 0.082187
0 0.748694 0.727221 0.061640 0.082187
0 0.814882 0.730728 0.061640 0.082187
0 0.881070 0.734235 0.061640 0.082187
0 0.150449 0.783964 0.061640 0.082187
0 0.216636 0.787471 0.061640 0.082187
0 0.282824 0.790979 0.061640 0.082187
0 0.349012 0.794486 0.061640 0.082187
0 0.415200 0.797993 0.061640 0.082187
0 0.481388 0.801500 0.061640 0.082187
0 0.547576 0.805007 0.061640 0.082187
0 0.613764 0.808514 0.061640 0.082187
0 0.679951 0.812021 0.061640 0.082187
0 0.746139 0.815528 0.061640 0.082187
0 0.812327 0.819035 0.061640 0.082187
0 0.878515 0.822542 0.061640 0.082187
0 0.147894 0.872272 0.061640 0.082187
0 0.214082 0.875779 0.061640 0.082187
0 0.280270 0.879286 0.061640 0.082187
0 0.346458 0.882793 0.061640 0.082187
0 0.412645 0.886300 0.061640 0.082187
0 0.478833 0.889807 0.061640 0.082187
0 0.545021 0.893314 0.061640 0.082187
0 0.611209 0.896821 0.061640 0.082187
0 0.677397 0.900329 0.061640 0.082187
0 0.743585 0.903836 0.061640 0.082187
0 0.809773 0.907343 0.061640 0.082187
0 0.875961 0.910850 0.061640 0.082187
