0 0.164846 0.263506 0.061640 0.082187
0 0.231114 0.265164 0.061640 0.082187
0 0.297382 0.266823 0.061640 0.082187
0 0.363650 0.268481 0.061640 0.082187
0 0.429917 0.270139 0.061640 0.082187
0 0.496185 0.271797 0.061640 0.082187
0 0.562453 0.273455 0.061640 0.082187
0 0.628721 0.275113 0.061640 0.082187
0 0.694989 0.276771 0.061640 0.082187
0 0.761257 0.278430 0.061640 0.082187
0 0.827525 0.280088 0.061640 0.082187
0 0.893793 0.281746 0.061640 0.082187
0 0.164672 0.351866 0.061640 0.082187
0 0.230940 0.353524 0.061640 0.082187
0 0.297208 0.355182 0.061640 0.082187
0 0.363476 0.356840 0.061640 0.082187
0 0.429744 0.358498 0.061640 0.082187
0 0.496012 0.360156 0.061640 0.082187
0 0.562280 0.361815 0.061640 0.082187
0 0.628548 0.363473 0.061640 0.082187
0 0.694816 0.365131 0.061640 0.082187
0 0.761083 0.366789 0.061640 0.082187
0 0.827351 0.368447 0.061640 0.082187
0 0.893619 0.370105 0.061640 0.082187
0 0.164499 0.440225 0.061640 0.082187
0 0.230767 0.441883 0.061640 0.082187
0 0.297035 0.443541 0.061640 0.082187
0 0.363303 0.445199 0.061640 0.082187
0 0.429570 0.446858 0.061640 0.082187
0 0.495838 0.448516 0.061640 0.082187
0 0.562106 0.450174 0.061640 0.082187
0 0.628374 0.451832 0.061640 0.082187
0 0.694642 0.453490 0.061640 0.082187
0 0.760910 0.455148 0.061640 0.082187
0 0.827178 0.456807 0.061640 0.082187
0 0.893446 0.458465 0.061640 0.082187
0 0.164325 0.528584 0.061640 0.082187
0 0.230593 0.530243 0.061640 0.082187
0 0.296861 0.531901 0.061640 0.082187
0 0.363129 0.533559 0.061640 0.082187
0 0.429397 0.535217 0.061640 0.082187
0 0.495665 0.536875 0.061640 0.082187
0 0.561933 0.538533 0.061640 0.082187
0 0.628201 0.540191 0.061640 0.082187
0 0.694469 0.541850 0.061640 0.082187
0 0.760736 0.543508 0.061640 0.082187
0 0.827004 0.545166 0.061640 0.082187
0 0.893272 0.546824 0.061640 0.082187
0 0.164152 0.616944 0.061640 0.082187
0 0.230420 0.618602 0.061640 0.082187
0 0.296688 0.620260 0.061640 0.082187
0 0.362956 0.621918 0.061640 0.082187
0 0.429224 0.623576 0.061640 0.082187
0 0.495491 0.625235 0.061640 0.082187
0 0.561759 0.626893 0.061640 0.082187
0 0.628027 0.628551 0.061640 0.082187
0 0.694295 0.630209 0.061640 0.082187
0 0.760563 0.631867 0.061640 0.082187
0 0.826831 0.633525 0.061640 0.082187
0 0.893099 0.635183 0.061640 0.082187
0 0.163978 0.705303 0.061640 0.082187
0 0.230246 0.706961 0.061640 0.082187
0 0.296514 0.708620 0.061640 0.082187
0 0.362782 0.710278 0.061640 0.082187
0 0.429050 0.711936 0.061640 0.082187
0 0.495318 0.713594 0.061640 0.082187
0 0.561586 0.715252 0.061640 0.082187
0 0.627854 0.716910 0.061640 0.082187
0 0.694122 0.718568 0.061640 0.082187
0 0.760389 0.720227 0.061640 0.082187
0 0.826657 0.721885 0.061640 0.082187
0 0.892925 0.723543 0.061640 0.082187
0 0.163805 0.793663 0.061640 0.082187
0 0.230073 0.795321 0.061640 0.082187
0 0.296341 0.796979 0.061640 0.082187
0 0.362609 0.798637 0.061640 0.082187
0 0.428877 0.800295 0.061640 0.082187
0 0.495144 0.801953 0.061640 0.082187
0 0.561412 0.803612 0.061640 0.082187
0 0.627680 0.805270 0.061640 0.082187
0 0.693948 0.806928 0.061640 0.082187
0 0.760216 0.808586 0.061640 0.082187
0 0.826484 0.810244 0.061640 0.082187
0 0.892752 0.811902 0.061640 0.082187
0 0.163632 0.882022 0.061640 0.082187
0 0.229899 0.883680 0.061640 0.082187
0 0.296167 0.885338 0.061640 0.082187
0 0.362435 0.886997 0.061640 0.082187
0 0.428703 0.888655 0.061640 0.082187
0 0.494971 0.890313 0.061640 0.082187
0 0.561239 0.891971 0.061640 0.082187
0 0.627507 0.893629 0.061640 0.082187
0 0.693775 0.895287 0.061640 0.082187
0 0.760042 0.896945 0.061640 0.082187
0 0.826310 0.898604 0.061640 0.082187
0 0.892578 0.900262 0.061640 0.082187
