0 0.093564 0.224312 0.070089 0.093452
0 0.167294 0.226412 0.070089 0.093452
0 0.241023 0.228512 0.070089 0.093452
0 0.314753 0.230613 0.070089 0.093452
0 0.388482 0.232713 0.070089 0.093452
0 0.462212 0.234813 0.070089 0.093452
0 0.535941 0.236913 0.070089 0.093452
0 0.609671 0.239014 0.070089 0.093452
0 0.683400 0.241114 0.070089 0.093452
0 0.757130 0.243214 0.070089 0.093452
0 0.091908 0.322823 0.070089 0.093452
0 0.165637 0.324924 0.070089 0.093452
0 0.239367 0.327024 0.070089 0.093452
0 0.313096 0.329124 0.070089 0.093452
0 0.386826 0.331225 0.070089 0.093452
0 0.460555 0.333325 0.070089 0.093452
0 0.534285 0.335425 0.070089 0.093452
0 0.608014 0.337525 0.070089 0.093452
0 0.681744 0.339626 0.070089 0.093452
0 0.755473 0.341726 0.070089 0.093452
0 0.090251 0.421335 0.070089 0.093452
0 0.163981 0.423435 0.070089 0.093452
0 0.237710 0.425536 0.070089 0.093452
0 0.311440 0.427636 0.070089 0.093452
0 0.385169 0.429736 0.070089 0.093452
0 0.458899 0.431836 0.070089 0.093452
0 0.532628 0.433937 0.070089 0.093452
0 0.606358 0.436037 0.070089 0.093452
0 0.680087 0.438137 0.070089 0.093452
0 0.753817 0.440237 0.070089 0.093452
0 0.088595 0.519847 0.070089 0.093452
0 0.162324 0.521947 0.070089 0.093452
0 0.236054 0.524047 0.070089 0.093452
0 0.309783 0.526148 0.070089 0.093452
0 0.383513 0.528248 0.070089 0.093452
0 0.457242 0.530348 0.070089 0.093452
0 0.530972 0.532448 0.070089 0.093452
0 0.604701 0.534549 0.070089 0.093452
0 0.678431 0.536649 0.070089 0.093452
0 0.752160 0.538749 0.070089 0.093452
0 0.086938 0.618358 0.070089 0.093452
0 0.160668 0.620459 0.070089 0.093452
0 0.234397 0.622559 0.070089 0.093452
0 0.308127 0.624659 0.070089 0.093452
0 0.381856 0.626760 0.070089 0.093452
0 0.455586 0.628860 0.070089 0.093452
0 0.529315 0.630960 0.070089 0.093452
0 0.603045 0.633060 0.070089 0.093452
0 0.676774 0.635161 0.070089 0.093452
0 0.750504 0.637261 0.070089 0.093452
0 0.085282 0.716870 0.070089 0.093452
0 0.159011 0.718970 0.070089 0.093452
0 0.232741 0.721071 0.070089 0.093452
0 0.306470 0.723171 0.070089 0.093452
0 0.380200 0.725271 0.070089 0.093452
0 0.453929 0.727371 0.070089 0.093452
0 0.527659 0.729472 0.070089 0.093452
0 0.601388 0.731572 0.070089 0.093452
0 0.675118 0.733672 0.070089 0.093452
0 0.748847 0.735772 0.070089 0.093452
0 0.083625 0.815382 0.070089 0.093452
0 0.157355 0.817482 0.070089 0.093452
0 0.231084 0.819582 0.070089 0.093452
0 0.304814 0.821683 0.070089 0.093452
0 0.378543 0.823783 0.070089 0.093452
0 0.452273 0.825883 0.070089 0.093452
0 0.526002 0.827983 0.070089 0.093452
0 0.599732 0.830084 0.070089 0.093452
0 0.673461 0.832184 0.070089 0.093452
0 0.747191 0.834284 0.070089 0.093452
0 0.081969 0.913893 0.070089 0.093452
0 0.155698 0.915994 0.070089 0.093452
0 0.229428 0.918094 0.070089 0.093452
0 0.303157 0.920194 0.070089 0.093452
0 0.376887 0.922295 0.070089 0.093452
0 0.450616 0.924395 0.070089 0.093452
0 0.524346 0.926495 0.070089 0.093452
0 0.598075 0.928595 0.070089 0.093452
0 0.671805 0.930696 0.070089 0.093452
0 0.745534 0.932796 0.070089 0.093452
