0 0.166852 0.244841 0.061640 0.082187
0 0.232931 0.250196 0.061640 0.082187
0 0.299010 0.255550 0.061640 0.082187
0 0.365089 0.260905 0.061640 0.082187
0 0.431167 0.266259 0.061640 0.082187
0 0.497246 0.271614 0.061640 0.082187
0 0.563325 0.276968 0.061640 0.082187
0 0.629404 0.282323 0.061640 0.082187
0 0.695483 0.287677 0.061640 0.082187
0 0.761561 0.293032 0.061640 0.082187
0 0.827640 0.298386 0.061640 0.082187
0 0.893719 0.303741 0.061640 0.082187
0 0.161918 0.333058 0.061640 0.082187
0 0.227997 0.338412 0.061640 0.082187
0 0.294075 0.343767 0.061640 0.082187
0 0.360154 0.349121 0.061640 0.082187
0 0.426233 0.354476 0.061640 0.082187
0 0.492312 0.359830 0.061640 0.082187
0 0.558391 0.365185 0.061640 0.082187
0 0.624469 0.370539 0.061640 0.082187
0 0.690548 0.375894 0.061640 0.082187
0 0.756627 0.381248 0.061640 0.082187
0 0.822706 0.386603 0.061640 0.082187
0 0.888785 0.391957 0.061640 0.082187
0 0.156983 0.421274 0.061640 0.082187
0 0.223062 0.426629 0.061640 0.082187
0 0.289141 0.431984 0.061640 0.082187
0 0.355220 0.437338 0.061640 0.082187
0 0.421298 0.442693 0.061640 0.082187
0 0.487377 0.448047 0.061640 0.082187
0 0.553456 0.453402 0.061640 0.082187
0 0.619535 0.458756 0.061640 0.082187
0 0.685614 0.464111 0.061640 0.082187
0 0.751693 0.469465 0.061640 0.082187
0 0.817771 0.474820 0.061640 0.082187
0 0.883850 0.480174 0.061640 0.082187
0 0.152049 0.509491 0.061640 0.082187
0 0.218128 0.514846 0.061640 0.082187
0 0.284206 0.520200 0.061640 0.082187
0 0.350285 0.525555 0.061640 0.082187
0 0.416364 0.530909 0.061640 0.082187
0 0.482443 0.536264 0.061640 0.082187
0 0.548522 0.541618 0.061640 0.082187
0 0.614600 0.546973 0.061640 0.082187
0 0.680679 0.552327 0.061640 0.082187
0 0.746758 0.557682 0.061640 0.082187
0 0.812837 0.563036 0.061640 0.082187
0 0.878916 0.568391 0.061640 0.082187
0 0.147114 0.597708 0.061640 0.082187
0 0.213193 0.603062 0.061640 0.082187
0 0.279272 0.608417 0.061640 0.082187
0 0.345351 0.613771 0.061640 0.082187
0 0.411430 0.619126 0.061640 0.082187
0 0.477508 0.624480 0.061640 0.082187
0 0.543587 0.629835 0.061640 0.082187
0 0.609666 0.635190 0.061640 0.082187
0 0.675745 0.640544 0.061640 0.082187
0 0.741824 0.645899 0.061640 0.082187
0 0.807902 0.651253 0.061640 0.082187
0 0.873981 0.656608 0.061640 0.082187
0 0.142180 0.685925 0.061640 0.082187
0 0.208259 0.691279 0.061640 0.082187
0 0.274338 0.696634 0.061640 0.082187
0 0.340416 0.701988 0.061640 0.082187
0 0.406495 0.707343 0.061640 0.082187
0 0.472574 0.712697 0.061640 0.082187
0 0.538653 0.718052 0.061640 0.082187
0 0.604732 0.723406 0.061640 0.082187
0 0.670810 0.728761 0.061640 0.082187
0 0.736889 0.734115 0.061640 0.082187
0 0.802968 0.739470 0.061640 0.082187
0 0.869047 0.744824 0.061640 0.082187
0 0.137245 0.774141 0.061640 0.082187
0 0.203324 0.779496 0.061640 0.082187
0 0.269403 0.784850 0.061640 0.082187
0 0.335482 0.790205 0.061640 0.082187
0 0.401561 0.795559 0.061640 0.082187
0 0.467639 0.800914 0.061640 0.082187
0 0.533718 0.806268 0.061640 0.082187
0 0.599797 0.811623 0.061640 0.082187
0 0.665876 0.816977 0.061640 0.082187
0 0.731955 0.822332 0.061640 0.082187
0 0.798034 0.827687 0.061640 0.082187
0 0.864112 0.833041 0.061640 0.082187
0 0.132311 0.862358 0.061640 0.082187
0 0.198390 0.867713 0.061640 0.082187
0 0.264469 0.873067 0.061640 0.082187
0 0.330547 0.878422 0.061640 0.082187
0 0.396626 0.883776 0.061640 0.082187
0 0.462705 0.889131 0.061640 0.082187
0 0.528784 0.894485 0.061640 0.082187
0 0.594863 0.899840 0.061640 0.082187
0 0.660941 0.905194 0.061640 0.082187
0 0.727020 0.910549 0.061640 0.082187
0 0.793099 0.915903 0.061640 0.082187
0 0.859178 0.921258 0.061640 0.082187
